# 0.001000 time
0.000000 0.000000 0.001000
0.000000 0.100000 0.011000
0.000000 0.200000 0.041000
0.000000 0.300000 0.091000
0.000000 0.400000 0.161000
0.000000 0.500000 0.251000
0.100000 0.000000 0.011000
0.100000 0.100000 0.024600
0.100000 0.200000 0.054400
0.100000 0.300000 0.104200
0.100000 0.400000 0.174000
0.100000 0.500000 0.261000
0.200000 0.000000 0.041000
0.200000 0.100000 0.054400
0.200000 0.200000 0.084200
0.200000 0.300000 0.134000
0.200000 0.400000 0.203800
0.200000 0.500000 0.291000
0.300000 0.000000 0.091000
0.300000 0.100000 0.104200
0.300000 0.200000 0.134000
0.300000 0.300000 0.183800
0.300000 0.400000 0.253600
0.300000 0.500000 0.341000
0.400000 0.000000 0.161000
0.400000 0.100000 0.174000
0.400000 0.200000 0.203800
0.400000 0.300000 0.253600
0.400000 0.400000 0.323400
0.400000 0.500000 0.411000
0.500000 0.000000 0.251000
0.500000 0.100000 0.261000
0.500000 0.200000 0.291000
0.500000 0.300000 0.341000
0.500000 0.400000 0.411000
0.500000 0.500000 0.501000

# 0.002000 time
0.000000 0.000000 0.002000
0.000000 0.100000 0.012000
0.000000 0.200000 0.042000
0.000000 0.300000 0.092000
0.000000 0.400000 0.162000
0.000000 0.500000 0.252000
0.100000 0.000000 0.012000
0.100000 0.100000 0.028440
0.100000 0.200000 0.058440
0.100000 0.300000 0.108060
0.100000 0.400000 0.177400
0.100000 0.500000 0.262000
0.200000 0.000000 0.042000
0.200000 0.100000 0.058440
0.200000 0.200000 0.088400
0.200000 0.300000 0.138000
0.200000 0.400000 0.207340
0.200000 0.500000 0.292000
0.300000 0.000000 0.092000
0.300000 0.100000 0.108060
0.300000 0.200000 0.138000
0.300000 0.300000 0.187600
0.300000 0.400000 0.256960
0.300000 0.500000 0.342000
0.400000 0.000000 0.162000
0.400000 0.100000 0.177400
0.400000 0.200000 0.207340
0.400000 0.300000 0.256960
0.400000 0.400000 0.326360
0.400000 0.500000 0.412000
0.500000 0.000000 0.252000
0.500000 0.100000 0.262000
0.500000 0.200000 0.292000
0.500000 0.300000 0.342000
0.500000 0.400000 0.412000
0.500000 0.500000 0.502000

# 0.003000 time
0.000000 0.000000 0.003000
0.000000 0.100000 0.013000
0.000000 0.200000 0.043000
0.000000 0.300000 0.093000
0.000000 0.400000 0.163000
0.000000 0.500000 0.253000
0.100000 0.000000 0.013000
0.100000 0.100000 0.031752
0.100000 0.200000 0.062154
0.100000 0.300000 0.111620
0.100000 0.400000 0.180380
0.100000 0.500000 0.263000
0.200000 0.000000 0.043000
0.200000 0.100000 0.062154
0.200000 0.200000 0.092528
0.200000 0.300000 0.141940
0.200000 0.400000 0.210640
0.200000 0.500000 0.293000
0.300000 0.000000 0.093000
0.300000 0.100000 0.111620
0.300000 0.200000 0.141940
0.300000 0.300000 0.191352
0.300000 0.400000 0.260106
0.300000 0.500000 0.343000
0.400000 0.000000 0.163000
0.400000 0.100000 0.180380
0.400000 0.200000 0.210640
0.400000 0.300000 0.260106
0.400000 0.400000 0.329008
0.400000 0.500000 0.413000
0.500000 0.000000 0.253000
0.500000 0.100000 0.263000
0.500000 0.200000 0.293000
0.500000 0.300000 0.343000
0.500000 0.400000 0.413000
0.500000 0.500000 0.503000

# 0.004000 time
0.000000 0.000000 0.004000
0.000000 0.100000 0.014000
0.000000 0.200000 0.044000
0.000000 0.300000 0.094000
0.000000 0.400000 0.164000
0.000000 0.500000 0.254000
0.100000 0.000000 0.014000
0.100000 0.100000 0.034682
0.100000 0.200000 0.065582
0.100000 0.300000 0.114919
0.100000 0.400000 0.183054
0.100000 0.500000 0.264000
0.200000 0.000000 0.044000
0.200000 0.100000 0.065582
0.200000 0.200000 0.096536
0.200000 0.300000 0.145778
0.200000 0.400000 0.213727
0.200000 0.500000 0.294000
0.300000 0.000000 0.094000
0.300000 0.100000 0.114919
0.300000 0.200000 0.145778
0.300000 0.300000 0.195020
0.300000 0.400000 0.263064
0.300000 0.500000 0.344000
0.400000 0.000000 0.164000
0.400000 0.100000 0.183054
0.400000 0.200000 0.213727
0.400000 0.300000 0.263064
0.400000 0.400000 0.331426
0.400000 0.500000 0.414000
0.500000 0.000000 0.254000
0.500000 0.100000 0.264000
0.500000 0.200000 0.294000
0.500000 0.300000 0.344000
0.500000 0.400000 0.414000
0.500000 0.500000 0.504000

# 0.005000 time
0.000000 0.000000 0.005000
0.000000 0.100000 0.015000
0.000000 0.200000 0.045000
0.000000 0.300000 0.095000
0.000000 0.400000 0.165000
0.000000 0.500000 0.255000
0.100000 0.000000 0.015000
0.100000 0.100000 0.037326
0.100000 0.200000 0.068763
0.100000 0.300000 0.117993
0.100000 0.400000 0.185497
0.100000 0.500000 0.265000
0.200000 0.000000 0.045000
0.200000 0.100000 0.068763
0.200000 0.200000 0.100393
0.200000 0.300000 0.149487
0.200000 0.400000 0.216626
0.200000 0.500000 0.295000
0.300000 0.000000 0.095000
0.300000 0.100000 0.117993
0.300000 0.200000 0.149487
0.300000 0.300000 0.198581
0.300000 0.400000 0.265855
0.300000 0.500000 0.345000
0.400000 0.000000 0.165000
0.400000 0.100000 0.185497
0.400000 0.200000 0.216626
0.400000 0.300000 0.265855
0.400000 0.400000 0.333668
0.400000 0.500000 0.415000
0.500000 0.000000 0.255000
0.500000 0.100000 0.265000
0.500000 0.200000 0.295000
0.500000 0.300000 0.345000
0.500000 0.400000 0.415000
0.500000 0.500000 0.505000

# 0.006000 time
0.000000 0.000000 0.006000
0.000000 0.100000 0.016000
0.000000 0.200000 0.046000
0.000000 0.300000 0.096000
0.000000 0.400000 0.166000
0.000000 0.500000 0.256000
0.100000 0.000000 0.016000
0.100000 0.100000 0.039748
0.100000 0.200000 0.071729
0.100000 0.300000 0.120871
0.100000 0.400000 0.187760
0.100000 0.500000 0.266000
0.200000 0.000000 0.046000
0.200000 0.100000 0.071729
0.200000 0.200000 0.104086
0.200000 0.300000 0.153051
0.200000 0.400000 0.219359
0.200000 0.500000 0.296000
0.300000 0.000000 0.096000
0.300000 0.100000 0.120871
0.300000 0.200000 0.153051
0.300000 0.300000 0.202017
0.300000 0.400000 0.268501
0.300000 0.500000 0.346000
0.400000 0.000000 0.166000
0.400000 0.100000 0.187760
0.400000 0.200000 0.219359
0.400000 0.300000 0.268501
0.400000 0.400000 0.335772
0.400000 0.500000 0.416000
0.500000 0.000000 0.256000
0.500000 0.100000 0.266000
0.500000 0.200000 0.296000
0.500000 0.300000 0.346000
0.500000 0.400000 0.416000
0.500000 0.500000 0.506000

# 0.007000 time
0.000000 0.000000 0.007000
0.000000 0.100000 0.017000
0.000000 0.200000 0.047000
0.000000 0.300000 0.097000
0.000000 0.400000 0.167000
0.000000 0.500000 0.257000
0.100000 0.000000 0.017000
0.100000 0.100000 0.041995
0.100000 0.200000 0.074508
0.100000 0.300000 0.123576
0.100000 0.400000 0.189879
0.100000 0.500000 0.267000
0.200000 0.000000 0.047000
0.200000 0.100000 0.074508
0.200000 0.200000 0.107608
0.200000 0.300000 0.156464
0.200000 0.400000 0.221947
0.200000 0.500000 0.297000
0.300000 0.000000 0.097000
0.300000 0.100000 0.123576
0.300000 0.200000 0.156464
0.300000 0.300000 0.205321
0.300000 0.400000 0.271015
0.300000 0.500000 0.347000
0.400000 0.000000 0.167000
0.400000 0.100000 0.189879
0.400000 0.200000 0.221947
0.400000 0.300000 0.271015
0.400000 0.400000 0.337763
0.400000 0.500000 0.417000
0.500000 0.000000 0.257000
0.500000 0.100000 0.267000
0.500000 0.200000 0.297000
0.500000 0.300000 0.347000
0.500000 0.400000 0.417000
0.500000 0.500000 0.507000

# 0.008000 time
0.000000 0.000000 0.008000
0.000000 0.100000 0.018000
0.000000 0.200000 0.048000
0.000000 0.300000 0.098000
0.000000 0.400000 0.168000
0.000000 0.500000 0.258000
0.100000 0.000000 0.018000
0.100000 0.100000 0.044098
0.100000 0.200000 0.077123
0.100000 0.300000 0.126131
0.100000 0.400000 0.191880
0.100000 0.500000 0.268000
0.200000 0.000000 0.048000
0.200000 0.100000 0.077123
0.200000 0.200000 0.110959
0.200000 0.300000 0.159724
0.200000 0.400000 0.224404
0.200000 0.500000 0.298000
0.300000 0.000000 0.098000
0.300000 0.100000 0.126131
0.300000 0.200000 0.159724
0.300000 0.300000 0.208488
0.300000 0.400000 0.273412
0.300000 0.500000 0.348000
0.400000 0.000000 0.168000
0.400000 0.100000 0.191880
0.400000 0.200000 0.224404
0.400000 0.300000 0.273412
0.400000 0.400000 0.339661
0.400000 0.500000 0.418000
0.500000 0.000000 0.258000
0.500000 0.100000 0.268000
0.500000 0.200000 0.298000
0.500000 0.300000 0.348000
0.500000 0.400000 0.418000
0.500000 0.500000 0.508000

# 0.009000 time
0.000000 0.000000 0.009000
0.000000 0.100000 0.019000
0.000000 0.200000 0.049000
0.000000 0.300000 0.099000
0.000000 0.400000 0.169000
0.000000 0.500000 0.259000
0.100000 0.000000 0.019000
0.100000 0.100000 0.046084
0.100000 0.200000 0.079592
0.100000 0.300000 0.128551
0.100000 0.400000 0.193781
0.100000 0.500000 0.269000
0.200000 0.000000 0.049000
0.200000 0.100000 0.079592
0.200000 0.200000 0.114145
0.200000 0.300000 0.162832
0.200000 0.400000 0.226744
0.200000 0.500000 0.299000
0.300000 0.000000 0.099000
0.300000 0.100000 0.128551
0.300000 0.200000 0.162832
0.300000 0.300000 0.211520
0.300000 0.400000 0.275703
0.300000 0.500000 0.349000
0.400000 0.000000 0.169000
0.400000 0.100000 0.193781
0.400000 0.200000 0.226744
0.400000 0.300000 0.275703
0.400000 0.400000 0.341479
0.400000 0.500000 0.419000
0.500000 0.000000 0.259000
0.500000 0.100000 0.269000
0.500000 0.200000 0.299000
0.500000 0.300000 0.349000
0.500000 0.400000 0.419000
0.500000 0.500000 0.509000

# 0.010000 time
0.000000 0.000000 0.010000
0.000000 0.100000 0.020000
0.000000 0.200000 0.050000
0.000000 0.300000 0.100000
0.000000 0.400000 0.170000
0.000000 0.500000 0.260000
0.100000 0.000000 0.020000
0.100000 0.100000 0.047969
0.100000 0.200000 0.081933
0.100000 0.300000 0.130851
0.100000 0.400000 0.195598
0.100000 0.500000 0.270000
0.200000 0.000000 0.050000
0.200000 0.100000 0.081933
0.200000 0.200000 0.117172
0.200000 0.300000 0.165795
0.200000 0.400000 0.228978
0.200000 0.500000 0.300000
0.300000 0.000000 0.100000
0.300000 0.100000 0.130851
0.300000 0.200000 0.165795
0.300000 0.300000 0.214419
0.300000 0.400000 0.277896
0.300000 0.500000 0.350000
0.400000 0.000000 0.170000
0.400000 0.100000 0.195598
0.400000 0.200000 0.228978
0.400000 0.300000 0.277896
0.400000 0.400000 0.343228
0.400000 0.500000 0.420000
0.500000 0.000000 0.260000
0.500000 0.100000 0.270000
0.500000 0.200000 0.300000
0.500000 0.300000 0.350000
0.500000 0.400000 0.420000
0.500000 0.500000 0.510000

# 0.011000 time
0.000000 0.000000 0.011000
0.000000 0.100000 0.021000
0.000000 0.200000 0.051000
0.000000 0.300000 0.101000
0.000000 0.400000 0.171000
0.000000 0.500000 0.261000
0.100000 0.000000 0.021000
0.100000 0.100000 0.049768
0.100000 0.200000 0.084159
0.100000 0.300000 0.133044
0.100000 0.400000 0.197342
0.100000 0.500000 0.271000
0.200000 0.000000 0.051000
0.200000 0.100000 0.084159
0.200000 0.200000 0.120049
0.200000 0.300000 0.168619
0.200000 0.400000 0.231116
0.200000 0.500000 0.301000
0.300000 0.000000 0.101000
0.300000 0.100000 0.133044
0.300000 0.200000 0.168619
0.300000 0.300000 0.217190
0.300000 0.400000 0.280000
0.300000 0.500000 0.351000
0.400000 0.000000 0.171000
0.400000 0.100000 0.197342
0.400000 0.200000 0.231116
0.400000 0.300000 0.280000
0.400000 0.400000 0.344916
0.400000 0.500000 0.421000
0.500000 0.000000 0.261000
0.500000 0.100000 0.271000
0.500000 0.200000 0.301000
0.500000 0.300000 0.351000
0.500000 0.400000 0.421000
0.500000 0.500000 0.511000

# 0.012000 time
0.000000 0.000000 0.012000
0.000000 0.100000 0.022000
0.000000 0.200000 0.052000
0.000000 0.300000 0.102000
0.000000 0.400000 0.172000
0.000000 0.500000 0.262000
0.100000 0.000000 0.022000
0.100000 0.100000 0.051493
0.100000 0.200000 0.086282
0.100000 0.300000 0.135138
0.100000 0.400000 0.199021
0.100000 0.500000 0.272000
0.200000 0.000000 0.052000
0.200000 0.100000 0.086282
0.200000 0.200000 0.122785
0.200000 0.300000 0.171311
0.200000 0.400000 0.233166
0.200000 0.500000 0.302000
0.300000 0.000000 0.102000
0.300000 0.100000 0.135138
0.300000 0.200000 0.171311
0.300000 0.300000 0.219838
0.300000 0.400000 0.282022
0.300000 0.500000 0.352000
0.400000 0.000000 0.172000
0.400000 0.100000 0.199021
0.400000 0.200000 0.233166
0.400000 0.300000 0.282022
0.400000 0.400000 0.346550
0.400000 0.500000 0.422000
0.500000 0.000000 0.262000
0.500000 0.100000 0.272000
0.500000 0.200000 0.302000
0.500000 0.300000 0.352000
0.500000 0.400000 0.422000
0.500000 0.500000 0.512000

# 0.013000 time
0.000000 0.000000 0.013000
0.000000 0.100000 0.023000
0.000000 0.200000 0.053000
0.000000 0.300000 0.103000
0.000000 0.400000 0.173000
0.000000 0.500000 0.263000
0.100000 0.000000 0.023000
0.100000 0.100000 0.053152
0.100000 0.200000 0.088310
0.100000 0.300000 0.137144
0.100000 0.400000 0.200643
0.100000 0.500000 0.273000
0.200000 0.000000 0.053000
0.200000 0.100000 0.088310
0.200000 0.200000 0.125390
0.200000 0.300000 0.173879
0.200000 0.400000 0.235135
0.200000 0.500000 0.303000
0.300000 0.000000 0.103000
0.300000 0.100000 0.137144
0.300000 0.200000 0.173879
0.300000 0.300000 0.222369
0.300000 0.400000 0.283969
0.300000 0.500000 0.353000
0.400000 0.000000 0.173000
0.400000 0.100000 0.200643
0.400000 0.200000 0.235135
0.400000 0.300000 0.283969
0.400000 0.400000 0.348134
0.400000 0.500000 0.423000
0.500000 0.000000 0.263000
0.500000 0.100000 0.273000
0.500000 0.200000 0.303000
0.500000 0.300000 0.353000
0.500000 0.400000 0.423000
0.500000 0.500000 0.513000

# 0.014000 time
0.000000 0.000000 0.014000
0.000000 0.100000 0.024000
0.000000 0.200000 0.054000
0.000000 0.300000 0.104000
0.000000 0.400000 0.174000
0.000000 0.500000 0.264000
0.100000 0.000000 0.024000
0.100000 0.100000 0.054753
0.100000 0.200000 0.090255
0.100000 0.300000 0.139070
0.100000 0.400000 0.202214
0.100000 0.500000 0.274000
0.200000 0.000000 0.054000
0.200000 0.100000 0.090255
0.200000 0.200000 0.127872
0.200000 0.300000 0.176331
0.200000 0.400000 0.237030
0.200000 0.500000 0.304000
0.300000 0.000000 0.104000
0.300000 0.100000 0.139070
0.300000 0.200000 0.176331
0.300000 0.300000 0.224791
0.300000 0.400000 0.285845
0.300000 0.500000 0.354000
0.400000 0.000000 0.174000
0.400000 0.100000 0.202214
0.400000 0.200000 0.237030
0.400000 0.300000 0.285845
0.400000 0.400000 0.349674
0.400000 0.500000 0.424000
0.500000 0.000000 0.264000
0.500000 0.100000 0.274000
0.500000 0.200000 0.304000
0.500000 0.300000 0.354000
0.500000 0.400000 0.424000
0.500000 0.500000 0.514000

# 0.015000 time
0.000000 0.000000 0.015000
0.000000 0.100000 0.025000
0.000000 0.200000 0.055000
0.000000 0.300000 0.105000
0.000000 0.400000 0.175000
0.000000 0.500000 0.265000
0.100000 0.000000 0.025000
0.100000 0.100000 0.056303
0.100000 0.200000 0.092122
0.100000 0.300000 0.140922
0.100000 0.400000 0.203738
0.100000 0.500000 0.275000
0.200000 0.000000 0.055000
0.200000 0.100000 0.092122
0.200000 0.200000 0.130240
0.200000 0.300000 0.178675
0.200000 0.400000 0.238857
0.200000 0.500000 0.305000
0.300000 0.000000 0.105000
0.300000 0.100000 0.140922
0.300000 0.200000 0.178675
0.300000 0.300000 0.227110
0.300000 0.400000 0.287657
0.300000 0.500000 0.355000
0.400000 0.000000 0.175000
0.400000 0.100000 0.203738
0.400000 0.200000 0.238857
0.400000 0.300000 0.287657
0.400000 0.400000 0.351174
0.400000 0.500000 0.425000
0.500000 0.000000 0.265000
0.500000 0.100000 0.275000
0.500000 0.200000 0.305000
0.500000 0.300000 0.355000
0.500000 0.400000 0.425000
0.500000 0.500000 0.515000

# 0.016000 time
0.000000 0.000000 0.016000
0.000000 0.100000 0.026000
0.000000 0.200000 0.056000
0.000000 0.300000 0.106000
0.000000 0.400000 0.176000
0.000000 0.500000 0.266000
0.100000 0.000000 0.026000
0.100000 0.100000 0.057806
0.100000 0.200000 0.093920
0.100000 0.300000 0.142707
0.100000 0.400000 0.205221
0.100000 0.500000 0.276000
0.200000 0.000000 0.056000
0.200000 0.100000 0.093920
0.200000 0.200000 0.132504
0.200000 0.300000 0.180918
0.200000 0.400000 0.240621
0.200000 0.500000 0.306000
0.300000 0.000000 0.106000
0.300000 0.100000 0.142707
0.300000 0.200000 0.180918
0.300000 0.300000 0.229332
0.300000 0.400000 0.289408
0.300000 0.500000 0.356000
0.400000 0.000000 0.176000
0.400000 0.100000 0.205221
0.400000 0.200000 0.240621
0.400000 0.300000 0.289408
0.400000 0.400000 0.352635
0.400000 0.500000 0.426000
0.500000 0.000000 0.266000
0.500000 0.100000 0.276000
0.500000 0.200000 0.306000
0.500000 0.300000 0.356000
0.500000 0.400000 0.426000
0.500000 0.500000 0.516000

# 0.017000 time
0.000000 0.000000 0.017000
0.000000 0.100000 0.027000
0.000000 0.200000 0.057000
0.000000 0.300000 0.107000
0.000000 0.400000 0.177000
0.000000 0.500000 0.267000
0.100000 0.000000 0.027000
0.100000 0.100000 0.059268
0.100000 0.200000 0.095654
0.100000 0.300000 0.144430
0.100000 0.400000 0.206665
0.100000 0.500000 0.277000
0.200000 0.000000 0.057000
0.200000 0.100000 0.095654
0.200000 0.200000 0.134670
0.200000 0.300000 0.183067
0.200000 0.400000 0.242327
0.200000 0.500000 0.307000
0.300000 0.000000 0.107000
0.300000 0.100000 0.144430
0.300000 0.200000 0.183067
0.300000 0.300000 0.231465
0.300000 0.400000 0.291104
0.300000 0.500000 0.357000
0.400000 0.000000 0.177000
0.400000 0.100000 0.206665
0.400000 0.200000 0.242327
0.400000 0.300000 0.291104
0.400000 0.400000 0.354063
0.400000 0.500000 0.427000
0.500000 0.000000 0.267000
0.500000 0.100000 0.277000
0.500000 0.200000 0.307000
0.500000 0.300000 0.357000
0.500000 0.400000 0.427000
0.500000 0.500000 0.517000

# 0.018000 time
0.000000 0.000000 0.018000
0.000000 0.100000 0.028000
0.000000 0.200000 0.058000
0.000000 0.300000 0.108000
0.000000 0.400000 0.178000
0.000000 0.500000 0.268000
0.100000 0.000000 0.028000
0.100000 0.100000 0.060691
0.100000 0.200000 0.097329
0.100000 0.300000 0.146097
0.100000 0.400000 0.208075
0.100000 0.500000 0.278000
0.200000 0.000000 0.058000
0.200000 0.100000 0.097329
0.200000 0.200000 0.136746
0.200000 0.300000 0.185129
0.200000 0.400000 0.243980
0.200000 0.500000 0.308000
0.300000 0.000000 0.108000
0.300000 0.100000 0.146097
0.300000 0.200000 0.185129
0.300000 0.300000 0.233513
0.300000 0.400000 0.292748
0.300000 0.500000 0.358000
0.400000 0.000000 0.178000
0.400000 0.100000 0.208075
0.400000 0.200000 0.243980
0.400000 0.300000 0.292748
0.400000 0.400000 0.355458
0.400000 0.500000 0.428000
0.500000 0.000000 0.268000
0.500000 0.100000 0.278000
0.500000 0.200000 0.308000
0.500000 0.300000 0.358000
0.500000 0.400000 0.428000
0.500000 0.500000 0.518000

# 0.019000 time
0.000000 0.000000 0.019000
0.000000 0.100000 0.029000
0.000000 0.200000 0.059000
0.000000 0.300000 0.109000
0.000000 0.400000 0.179000
0.000000 0.500000 0.269000
0.100000 0.000000 0.029000
0.100000 0.100000 0.062081
0.100000 0.200000 0.098951
0.100000 0.300000 0.147711
0.100000 0.400000 0.209453
0.100000 0.500000 0.279000
0.200000 0.000000 0.059000
0.200000 0.100000 0.098951
0.200000 0.200000 0.138739
0.200000 0.300000 0.187111
0.200000 0.400000 0.245583
0.200000 0.500000 0.309000
0.300000 0.000000 0.109000
0.300000 0.100000 0.147711
0.300000 0.200000 0.187111
0.300000 0.300000 0.235483
0.300000 0.400000 0.294344
0.300000 0.500000 0.359000
0.400000 0.000000 0.179000
0.400000 0.100000 0.209453
0.400000 0.200000 0.245583
0.400000 0.300000 0.294344
0.400000 0.400000 0.356825
0.400000 0.500000 0.429000
0.500000 0.000000 0.269000
0.500000 0.100000 0.279000
0.500000 0.200000 0.309000
0.500000 0.300000 0.359000
0.500000 0.400000 0.429000
0.500000 0.500000 0.519000

# 0.020000 time
0.000000 0.000000 0.020000
0.000000 0.100000 0.030000
0.000000 0.200000 0.060000
0.000000 0.300000 0.110000
0.000000 0.400000 0.180000
0.000000 0.500000 0.270000
0.100000 0.000000 0.030000
0.100000 0.100000 0.063439
0.100000 0.200000 0.100524
0.100000 0.300000 0.149278
0.100000 0.400000 0.210801
0.100000 0.500000 0.280000
0.200000 0.000000 0.060000
0.200000 0.100000 0.100524
0.200000 0.200000 0.140656
0.200000 0.300000 0.189018
0.200000 0.400000 0.247141
0.200000 0.500000 0.310000
0.300000 0.000000 0.110000
0.300000 0.100000 0.149278
0.300000 0.200000 0.189018
0.300000 0.300000 0.237381
0.300000 0.400000 0.295895
0.300000 0.500000 0.360000
0.400000 0.000000 0.180000
0.400000 0.100000 0.210801
0.400000 0.200000 0.247141
0.400000 0.300000 0.295895
0.400000 0.400000 0.358164
0.400000 0.500000 0.430000
0.500000 0.000000 0.270000
0.500000 0.100000 0.280000
0.500000 0.200000 0.310000
0.500000 0.300000 0.360000
0.500000 0.400000 0.430000
0.500000 0.500000 0.520000

# 0.021000 time
0.000000 0.000000 0.021000
0.000000 0.100000 0.031000
0.000000 0.200000 0.061000
0.000000 0.300000 0.111000
0.000000 0.400000 0.181000
0.000000 0.500000 0.271000
0.100000 0.000000 0.031000
0.100000 0.100000 0.064768
0.100000 0.200000 0.102051
0.100000 0.300000 0.150801
0.100000 0.400000 0.212123
0.100000 0.500000 0.281000
0.200000 0.000000 0.061000
0.200000 0.100000 0.102051
0.200000 0.200000 0.142502
0.200000 0.300000 0.190857
0.200000 0.400000 0.248656
0.200000 0.500000 0.311000
0.300000 0.000000 0.111000
0.300000 0.100000 0.150801
0.300000 0.200000 0.190857
0.300000 0.300000 0.239211
0.300000 0.400000 0.297406
0.300000 0.500000 0.361000
0.400000 0.000000 0.181000
0.400000 0.100000 0.212123
0.400000 0.200000 0.248656
0.400000 0.300000 0.297406
0.400000 0.400000 0.359477
0.400000 0.500000 0.431000
0.500000 0.000000 0.271000
0.500000 0.100000 0.281000
0.500000 0.200000 0.311000
0.500000 0.300000 0.361000
0.500000 0.400000 0.431000
0.500000 0.500000 0.521000

# 0.022000 time
0.000000 0.000000 0.022000
0.000000 0.100000 0.032000
0.000000 0.200000 0.062000
0.000000 0.300000 0.112000
0.000000 0.400000 0.182000
0.000000 0.500000 0.272000
0.100000 0.000000 0.032000
0.100000 0.100000 0.066071
0.100000 0.200000 0.103538
0.100000 0.300000 0.152284
0.100000 0.400000 0.213419
0.100000 0.500000 0.282000
0.200000 0.000000 0.062000
0.200000 0.100000 0.103538
0.200000 0.200000 0.144283
0.200000 0.300000 0.192631
0.200000 0.400000 0.250132
0.200000 0.500000 0.312000
0.300000 0.000000 0.112000
0.300000 0.100000 0.152284
0.300000 0.200000 0.192631
0.300000 0.300000 0.240979
0.300000 0.400000 0.298878
0.300000 0.500000 0.362000
0.400000 0.000000 0.182000
0.400000 0.100000 0.213419
0.400000 0.200000 0.250132
0.400000 0.300000 0.298878
0.400000 0.400000 0.360767
0.400000 0.500000 0.432000
0.500000 0.000000 0.272000
0.500000 0.100000 0.282000
0.500000 0.200000 0.312000
0.500000 0.300000 0.362000
0.500000 0.400000 0.432000
0.500000 0.500000 0.522000

# 0.023000 time
0.000000 0.000000 0.023000
0.000000 0.100000 0.033000
0.000000 0.200000 0.063000
0.000000 0.300000 0.113000
0.000000 0.400000 0.183000
0.000000 0.500000 0.273000
0.100000 0.000000 0.033000
0.100000 0.100000 0.067350
0.100000 0.200000 0.104987
0.100000 0.300000 0.153729
0.100000 0.400000 0.214693
0.100000 0.500000 0.283000
0.200000 0.000000 0.063000
0.200000 0.100000 0.104987
0.200000 0.200000 0.146003
0.200000 0.300000 0.194346
0.200000 0.400000 0.251572
0.200000 0.500000 0.313000
0.300000 0.000000 0.113000
0.300000 0.100000 0.153729
0.300000 0.200000 0.194346
0.300000 0.300000 0.242689
0.300000 0.400000 0.300315
0.300000 0.500000 0.363000
0.400000 0.000000 0.183000
0.400000 0.100000 0.214693
0.400000 0.200000 0.251572
0.400000 0.300000 0.300315
0.400000 0.400000 0.362036
0.400000 0.500000 0.433000
0.500000 0.000000 0.273000
0.500000 0.100000 0.283000
0.500000 0.200000 0.313000
0.500000 0.300000 0.363000
0.500000 0.400000 0.433000
0.500000 0.500000 0.523000

# 0.024000 time
0.000000 0.000000 0.024000
0.000000 0.100000 0.034000
0.000000 0.200000 0.064000
0.000000 0.300000 0.114000
0.000000 0.400000 0.184000
0.000000 0.500000 0.274000
0.100000 0.000000 0.034000
0.100000 0.100000 0.068607
0.100000 0.200000 0.106400
0.100000 0.300000 0.155140
0.100000 0.400000 0.215946
0.100000 0.500000 0.284000
0.200000 0.000000 0.064000
0.200000 0.100000 0.106400
0.200000 0.200000 0.147669
0.200000 0.300000 0.196007
0.200000 0.400000 0.252979
0.200000 0.500000 0.314000
0.300000 0.000000 0.114000
0.300000 0.100000 0.155140
0.300000 0.200000 0.196007
0.300000 0.300000 0.244346
0.300000 0.400000 0.301719
0.300000 0.500000 0.364000
0.400000 0.000000 0.184000
0.400000 0.100000 0.215946
0.400000 0.200000 0.252979
0.400000 0.300000 0.301719
0.400000 0.400000 0.363285
0.400000 0.500000 0.434000
0.500000 0.000000 0.274000
0.500000 0.100000 0.284000
0.500000 0.200000 0.314000
0.500000 0.300000 0.364000
0.500000 0.400000 0.434000
0.500000 0.500000 0.524000

# 0.025000 time
0.000000 0.000000 0.025000
0.000000 0.100000 0.035000
0.000000 0.200000 0.065000
0.000000 0.300000 0.115000
0.000000 0.400000 0.185000
0.000000 0.500000 0.275000
0.100000 0.000000 0.035000
0.100000 0.100000 0.069844
0.100000 0.200000 0.107782
0.100000 0.300000 0.156519
0.100000 0.400000 0.217179
0.100000 0.500000 0.285000
0.200000 0.000000 0.065000
0.200000 0.100000 0.107782
0.200000 0.200000 0.149283
0.200000 0.300000 0.197618
0.200000 0.400000 0.254354
0.200000 0.500000 0.315000
0.300000 0.000000 0.115000
0.300000 0.100000 0.156519
0.300000 0.200000 0.197618
0.300000 0.300000 0.245953
0.300000 0.400000 0.303092
0.300000 0.500000 0.365000
0.400000 0.000000 0.185000
0.400000 0.100000 0.217179
0.400000 0.200000 0.254354
0.400000 0.300000 0.303092
0.400000 0.400000 0.364514
0.400000 0.500000 0.435000
0.500000 0.000000 0.275000
0.500000 0.100000 0.285000
0.500000 0.200000 0.315000
0.500000 0.300000 0.365000
0.500000 0.400000 0.435000
0.500000 0.500000 0.525000

# 0.026000 time
0.000000 0.000000 0.026000
0.000000 0.100000 0.036000
0.000000 0.200000 0.066000
0.000000 0.300000 0.116000
0.000000 0.400000 0.186000
0.000000 0.500000 0.276000
0.100000 0.000000 0.036000
0.100000 0.100000 0.071063
0.100000 0.200000 0.109134
0.100000 0.300000 0.157870
0.100000 0.400000 0.218395
0.100000 0.500000 0.286000
0.200000 0.000000 0.066000
0.200000 0.100000 0.109134
0.200000 0.200000 0.150849
0.200000 0.300000 0.199182
0.200000 0.400000 0.255702
0.200000 0.500000 0.316000
0.300000 0.000000 0.116000
0.300000 0.100000 0.157870
0.300000 0.200000 0.199182
0.300000 0.300000 0.247514
0.300000 0.400000 0.304437
0.300000 0.500000 0.366000
0.400000 0.000000 0.186000
0.400000 0.100000 0.218395
0.400000 0.200000 0.255702
0.400000 0.300000 0.304437
0.400000 0.400000 0.365727
0.400000 0.500000 0.436000
0.500000 0.000000 0.276000
0.500000 0.100000 0.286000
0.500000 0.200000 0.316000
0.500000 0.300000 0.366000
0.500000 0.400000 0.436000
0.500000 0.500000 0.526000

# 0.027000 time
0.000000 0.000000 0.027000
0.000000 0.100000 0.037000
0.000000 0.200000 0.067000
0.000000 0.300000 0.117000
0.000000 0.400000 0.187000
0.000000 0.500000 0.277000
0.100000 0.000000 0.037000
0.100000 0.100000 0.072265
0.100000 0.200000 0.110458
0.100000 0.300000 0.159193
0.100000 0.400000 0.219594
0.100000 0.500000 0.287000
0.200000 0.000000 0.067000
0.200000 0.100000 0.110458
0.200000 0.200000 0.152373
0.200000 0.300000 0.200702
0.200000 0.400000 0.257022
0.200000 0.500000 0.317000
0.300000 0.000000 0.117000
0.300000 0.100000 0.159193
0.300000 0.200000 0.200702
0.300000 0.300000 0.249032
0.300000 0.400000 0.305757
0.300000 0.500000 0.367000
0.400000 0.000000 0.187000
0.400000 0.100000 0.219594
0.400000 0.200000 0.257022
0.400000 0.300000 0.305757
0.400000 0.400000 0.366924
0.400000 0.500000 0.437000
0.500000 0.000000 0.277000
0.500000 0.100000 0.287000
0.500000 0.200000 0.317000
0.500000 0.300000 0.367000
0.500000 0.400000 0.437000
0.500000 0.500000 0.527000

# 0.028000 time
0.000000 0.000000 0.028000
0.000000 0.100000 0.038000
0.000000 0.200000 0.068000
0.000000 0.300000 0.118000
0.000000 0.400000 0.188000
0.000000 0.500000 0.278000
0.100000 0.000000 0.038000
0.100000 0.100000 0.073450
0.100000 0.200000 0.111758
0.100000 0.300000 0.160491
0.100000 0.400000 0.220778
0.100000 0.500000 0.288000
0.200000 0.000000 0.068000
0.200000 0.100000 0.111758
0.200000 0.200000 0.153856
0.200000 0.300000 0.202183
0.200000 0.400000 0.258319
0.200000 0.500000 0.318000
0.300000 0.000000 0.118000
0.300000 0.100000 0.160491
0.300000 0.200000 0.202183
0.300000 0.300000 0.250511
0.300000 0.400000 0.307052
0.300000 0.500000 0.368000
0.400000 0.000000 0.188000
0.400000 0.100000 0.220778
0.400000 0.200000 0.258319
0.400000 0.300000 0.307052
0.400000 0.400000 0.368106
0.400000 0.500000 0.438000
0.500000 0.000000 0.278000
0.500000 0.100000 0.288000
0.500000 0.200000 0.318000
0.500000 0.300000 0.368000
0.500000 0.400000 0.438000
0.500000 0.500000 0.528000

# 0.029000 time
0.000000 0.000000 0.029000
0.000000 0.100000 0.039000
0.000000 0.200000 0.069000
0.000000 0.300000 0.119000
0.000000 0.400000 0.189000
0.000000 0.500000 0.279000
0.100000 0.000000 0.039000
0.100000 0.100000 0.074622
0.100000 0.200000 0.113035
0.100000 0.300000 0.161767
0.100000 0.400000 0.221948
0.100000 0.500000 0.289000
0.200000 0.000000 0.069000
0.200000 0.100000 0.113035
0.200000 0.200000 0.155302
0.200000 0.300000 0.203628
0.200000 0.400000 0.259593
0.200000 0.500000 0.319000
0.300000 0.000000 0.119000
0.300000 0.100000 0.161767
0.300000 0.200000 0.203628
0.300000 0.300000 0.251954
0.300000 0.400000 0.308325
0.300000 0.500000 0.369000
0.400000 0.000000 0.189000
0.400000 0.100000 0.221948
0.400000 0.200000 0.259593
0.400000 0.300000 0.308325
0.400000 0.400000 0.369274
0.400000 0.500000 0.439000
0.500000 0.000000 0.279000
0.500000 0.100000 0.289000
0.500000 0.200000 0.319000
0.500000 0.300000 0.369000
0.500000 0.400000 0.439000
0.500000 0.500000 0.529000

# 0.030000 time
0.000000 0.000000 0.030000
0.000000 0.100000 0.040000
0.000000 0.200000 0.070000
0.000000 0.300000 0.120000
0.000000 0.400000 0.190000
0.000000 0.500000 0.280000
0.100000 0.000000 0.040000
0.100000 0.100000 0.075780
0.100000 0.200000 0.114290
0.100000 0.300000 0.163021
0.100000 0.400000 0.223105
0.100000 0.500000 0.290000
0.200000 0.000000 0.070000
0.200000 0.100000 0.114290
0.200000 0.200000 0.156714
0.200000 0.300000 0.205038
0.200000 0.400000 0.260846
0.200000 0.500000 0.320000
0.300000 0.000000 0.120000
0.300000 0.100000 0.163021
0.300000 0.200000 0.205038
0.300000 0.300000 0.253363
0.300000 0.400000 0.309577
0.300000 0.500000 0.370000
0.400000 0.000000 0.190000
0.400000 0.100000 0.223105
0.400000 0.200000 0.260846
0.400000 0.300000 0.309577
0.400000 0.400000 0.370429
0.400000 0.500000 0.440000
0.500000 0.000000 0.280000
0.500000 0.100000 0.290000
0.500000 0.200000 0.320000
0.500000 0.300000 0.370000
0.500000 0.400000 0.440000
0.500000 0.500000 0.530000

# 0.031000 time
0.000000 0.000000 0.031000
0.000000 0.100000 0.041000
0.000000 0.200000 0.071000
0.000000 0.300000 0.121000
0.000000 0.400000 0.191000
0.000000 0.500000 0.281000
0.100000 0.000000 0.041000
0.100000 0.100000 0.076926
0.100000 0.200000 0.115525
0.100000 0.300000 0.164256
0.100000 0.400000 0.224249
0.100000 0.500000 0.291000
0.200000 0.000000 0.071000
0.200000 0.100000 0.115525
0.200000 0.200000 0.158094
0.200000 0.300000 0.206417
0.200000 0.400000 0.262079
0.200000 0.500000 0.321000
0.300000 0.000000 0.121000
0.300000 0.100000 0.164256
0.300000 0.200000 0.206417
0.300000 0.300000 0.254741
0.300000 0.400000 0.310810
0.300000 0.500000 0.371000
0.400000 0.000000 0.191000
0.400000 0.100000 0.224249
0.400000 0.200000 0.262079
0.400000 0.300000 0.310810
0.400000 0.400000 0.371573
0.400000 0.500000 0.441000
0.500000 0.000000 0.281000
0.500000 0.100000 0.291000
0.500000 0.200000 0.321000
0.500000 0.300000 0.371000
0.500000 0.400000 0.441000
0.500000 0.500000 0.531000

# 0.032000 time
0.000000 0.000000 0.032000
0.000000 0.100000 0.042000
0.000000 0.200000 0.072000
0.000000 0.300000 0.122000
0.000000 0.400000 0.192000
0.000000 0.500000 0.282000
0.100000 0.000000 0.042000
0.100000 0.100000 0.078061
0.100000 0.200000 0.116743
0.100000 0.300000 0.165473
0.100000 0.400000 0.225383
0.100000 0.500000 0.292000
0.200000 0.000000 0.072000
0.200000 0.100000 0.116743
0.200000 0.200000 0.159445
0.200000 0.300000 0.207767
0.200000 0.400000 0.263295
0.200000 0.500000 0.322000
0.300000 0.000000 0.122000
0.300000 0.100000 0.165473
0.300000 0.200000 0.207767
0.300000 0.300000 0.256090
0.300000 0.400000 0.312025
0.300000 0.500000 0.372000
0.400000 0.000000 0.192000
0.400000 0.100000 0.225383
0.400000 0.200000 0.263295
0.400000 0.300000 0.312025
0.400000 0.400000 0.372706
0.400000 0.500000 0.442000
0.500000 0.000000 0.282000
0.500000 0.100000 0.292000
0.500000 0.200000 0.322000
0.500000 0.300000 0.372000
0.500000 0.400000 0.442000
0.500000 0.500000 0.532000

# 0.033000 time
0.000000 0.000000 0.033000
0.000000 0.100000 0.043000
0.000000 0.200000 0.073000
0.000000 0.300000 0.123000
0.000000 0.400000 0.193000
0.000000 0.500000 0.283000
0.100000 0.000000 0.043000
0.100000 0.100000 0.079185
0.100000 0.200000 0.117943
0.100000 0.300000 0.166673
0.100000 0.400000 0.226507
0.100000 0.500000 0.293000
0.200000 0.000000 0.073000
0.200000 0.100000 0.117943
0.200000 0.200000 0.160769
0.200000 0.300000 0.209091
0.200000 0.400000 0.264495
0.200000 0.500000 0.323000
0.300000 0.000000 0.123000
0.300000 0.100000 0.166673
0.300000 0.200000 0.209091
0.300000 0.300000 0.257412
0.300000 0.400000 0.313224
0.300000 0.500000 0.373000
0.400000 0.000000 0.193000
0.400000 0.100000 0.226507
0.400000 0.200000 0.264495
0.400000 0.300000 0.313224
0.400000 0.400000 0.373828
0.400000 0.500000 0.443000
0.500000 0.000000 0.283000
0.500000 0.100000 0.293000
0.500000 0.200000 0.323000
0.500000 0.300000 0.373000
0.500000 0.400000 0.443000
0.500000 0.500000 0.533000

# 0.034000 time
0.000000 0.000000 0.034000
0.000000 0.100000 0.044000
0.000000 0.200000 0.074000
0.000000 0.300000 0.124000
0.000000 0.400000 0.194000
0.000000 0.500000 0.284000
0.100000 0.000000 0.044000
0.100000 0.100000 0.080300
0.100000 0.200000 0.119129
0.100000 0.300000 0.167858
0.100000 0.400000 0.227621
0.100000 0.500000 0.294000
0.200000 0.000000 0.074000
0.200000 0.100000 0.119129
0.200000 0.200000 0.162068
0.200000 0.300000 0.210389
0.200000 0.400000 0.265679
0.200000 0.500000 0.324000
0.300000 0.000000 0.124000
0.300000 0.100000 0.167858
0.300000 0.200000 0.210389
0.300000 0.300000 0.258710
0.300000 0.400000 0.314408
0.300000 0.500000 0.374000
0.400000 0.000000 0.194000
0.400000 0.100000 0.227621
0.400000 0.200000 0.265679
0.400000 0.300000 0.314408
0.400000 0.400000 0.374942
0.400000 0.500000 0.444000
0.500000 0.000000 0.284000
0.500000 0.100000 0.294000
0.500000 0.200000 0.324000
0.500000 0.300000 0.374000
0.500000 0.400000 0.444000
0.500000 0.500000 0.534000

# 0.035000 time
0.000000 0.000000 0.035000
0.000000 0.100000 0.045000
0.000000 0.200000 0.075000
0.000000 0.300000 0.125000
0.000000 0.400000 0.195000
0.000000 0.500000 0.285000
0.100000 0.000000 0.045000
0.100000 0.100000 0.081406
0.100000 0.200000 0.120300
0.100000 0.300000 0.169029
0.100000 0.400000 0.228726
0.100000 0.500000 0.295000
0.200000 0.000000 0.075000
0.200000 0.100000 0.120300
0.200000 0.200000 0.163344
0.200000 0.300000 0.211665
0.200000 0.400000 0.266849
0.200000 0.500000 0.325000
0.300000 0.000000 0.125000
0.300000 0.100000 0.169029
0.300000 0.200000 0.211665
0.300000 0.300000 0.259986
0.300000 0.400000 0.315578
0.300000 0.500000 0.375000
0.400000 0.000000 0.195000
0.400000 0.100000 0.228726
0.400000 0.200000 0.266849
0.400000 0.300000 0.315578
0.400000 0.400000 0.376047
0.400000 0.500000 0.445000
0.500000 0.000000 0.285000
0.500000 0.100000 0.295000
0.500000 0.200000 0.325000
0.500000 0.300000 0.375000
0.500000 0.400000 0.445000
0.500000 0.500000 0.535000

# 0.036000 time
0.000000 0.000000 0.036000
0.000000 0.100000 0.046000
0.000000 0.200000 0.076000
0.000000 0.300000 0.126000
0.000000 0.400000 0.196000
0.000000 0.500000 0.286000
0.100000 0.000000 0.046000
0.100000 0.100000 0.082503
0.100000 0.200000 0.121458
0.100000 0.300000 0.170186
0.100000 0.400000 0.229823
0.100000 0.500000 0.296000
0.200000 0.000000 0.076000
0.200000 0.100000 0.121458
0.200000 0.200000 0.164600
0.200000 0.300000 0.212920
0.200000 0.400000 0.268006
0.200000 0.500000 0.326000
0.300000 0.000000 0.126000
0.300000 0.100000 0.170186
0.300000 0.200000 0.212920
0.300000 0.300000 0.261240
0.300000 0.400000 0.316735
0.300000 0.500000 0.376000
0.400000 0.000000 0.196000
0.400000 0.100000 0.229823
0.400000 0.200000 0.268006
0.400000 0.300000 0.316735
0.400000 0.400000 0.377144
0.400000 0.500000 0.446000
0.500000 0.000000 0.286000
0.500000 0.100000 0.296000
0.500000 0.200000 0.326000
0.500000 0.300000 0.376000
0.500000 0.400000 0.446000
0.500000 0.500000 0.536000

# 0.037000 time
0.000000 0.000000 0.037000
0.000000 0.100000 0.047000
0.000000 0.200000 0.077000
0.000000 0.300000 0.127000
0.000000 0.400000 0.197000
0.000000 0.500000 0.287000
0.100000 0.000000 0.047000
0.100000 0.100000 0.083594
0.100000 0.200000 0.122604
0.100000 0.300000 0.171332
0.100000 0.400000 0.230913
0.100000 0.500000 0.297000
0.200000 0.000000 0.077000
0.200000 0.100000 0.122604
0.200000 0.200000 0.165835
0.200000 0.300000 0.214155
0.200000 0.400000 0.269152
0.200000 0.500000 0.327000
0.300000 0.000000 0.127000
0.300000 0.100000 0.171332
0.300000 0.200000 0.214155
0.300000 0.300000 0.262475
0.300000 0.400000 0.317880
0.300000 0.500000 0.377000
0.400000 0.000000 0.197000
0.400000 0.100000 0.230913
0.400000 0.200000 0.269152
0.400000 0.300000 0.317880
0.400000 0.400000 0.378233
0.400000 0.500000 0.447000
0.500000 0.000000 0.287000
0.500000 0.100000 0.297000
0.500000 0.200000 0.327000
0.500000 0.300000 0.377000
0.500000 0.400000 0.447000
0.500000 0.500000 0.537000

# 0.038000 time
0.000000 0.000000 0.038000
0.000000 0.100000 0.048000
0.000000 0.200000 0.078000
0.000000 0.300000 0.128000
0.000000 0.400000 0.198000
0.000000 0.500000 0.288000
0.100000 0.000000 0.048000
0.100000 0.100000 0.084677
0.100000 0.200000 0.123738
0.100000 0.300000 0.172466
0.100000 0.400000 0.231996
0.100000 0.500000 0.298000
0.200000 0.000000 0.078000
0.200000 0.100000 0.123738
0.200000 0.200000 0.167053
0.200000 0.300000 0.215372
0.200000 0.400000 0.270286
0.200000 0.500000 0.328000
0.300000 0.000000 0.128000
0.300000 0.100000 0.172466
0.300000 0.200000 0.215372
0.300000 0.300000 0.263692
0.300000 0.400000 0.319014
0.300000 0.500000 0.378000
0.400000 0.000000 0.198000
0.400000 0.100000 0.231996
0.400000 0.200000 0.270286
0.400000 0.300000 0.319014
0.400000 0.400000 0.379316
0.400000 0.500000 0.448000
0.500000 0.000000 0.288000
0.500000 0.100000 0.298000
0.500000 0.200000 0.328000
0.500000 0.300000 0.378000
0.500000 0.400000 0.448000
0.500000 0.500000 0.538000

# 0.039000 time
0.000000 0.000000 0.039000
0.000000 0.100000 0.049000
0.000000 0.200000 0.079000
0.000000 0.300000 0.129000
0.000000 0.400000 0.199000
0.000000 0.500000 0.289000
0.100000 0.000000 0.049000
0.100000 0.100000 0.085754
0.100000 0.200000 0.124863
0.100000 0.300000 0.173590
0.100000 0.400000 0.233073
0.100000 0.500000 0.299000
0.200000 0.000000 0.079000
0.200000 0.100000 0.124863
0.200000 0.200000 0.168254
0.200000 0.300000 0.216573
0.200000 0.400000 0.271410
0.200000 0.500000 0.329000
0.300000 0.000000 0.129000
0.300000 0.100000 0.173590
0.300000 0.200000 0.216573
0.300000 0.300000 0.264892
0.300000 0.400000 0.320138
0.300000 0.500000 0.379000
0.400000 0.000000 0.199000
0.400000 0.100000 0.233073
0.400000 0.200000 0.271410
0.400000 0.300000 0.320138
0.400000 0.400000 0.380392
0.400000 0.500000 0.449000
0.500000 0.000000 0.289000
0.500000 0.100000 0.299000
0.500000 0.200000 0.329000
0.500000 0.300000 0.379000
0.500000 0.400000 0.449000
0.500000 0.500000 0.539000

# 0.040000 time
0.000000 0.000000 0.040000
0.000000 0.100000 0.050000
0.000000 0.200000 0.080000
0.000000 0.300000 0.130000
0.000000 0.400000 0.200000
0.000000 0.500000 0.290000
0.100000 0.000000 0.050000
0.100000 0.100000 0.086825
0.100000 0.200000 0.125977
0.100000 0.300000 0.174705
0.100000 0.400000 0.234144
0.100000 0.500000 0.300000
0.200000 0.000000 0.080000
0.200000 0.100000 0.125977
0.200000 0.200000 0.169439
0.200000 0.300000 0.217759
0.200000 0.400000 0.272524
0.200000 0.500000 0.330000
0.300000 0.000000 0.130000
0.300000 0.100000 0.174705
0.300000 0.200000 0.217759
0.300000 0.300000 0.266078
0.300000 0.400000 0.321252
0.300000 0.500000 0.380000
0.400000 0.000000 0.200000
0.400000 0.100000 0.234144
0.400000 0.200000 0.272524
0.400000 0.300000 0.321252
0.400000 0.400000 0.381463
0.400000 0.500000 0.450000
0.500000 0.000000 0.290000
0.500000 0.100000 0.300000
0.500000 0.200000 0.330000
0.500000 0.300000 0.380000
0.500000 0.400000 0.450000
0.500000 0.500000 0.540000

# 0.041000 time
0.000000 0.000000 0.041000
0.000000 0.100000 0.051000
0.000000 0.200000 0.081000
0.000000 0.300000 0.131000
0.000000 0.400000 0.201000
0.000000 0.500000 0.291000
0.100000 0.000000 0.051000
0.100000 0.100000 0.087890
0.100000 0.200000 0.127083
0.100000 0.300000 0.175811
0.100000 0.400000 0.235209
0.100000 0.500000 0.301000
0.200000 0.000000 0.081000
0.200000 0.100000 0.127083
0.200000 0.200000 0.170611
0.200000 0.300000 0.218930
0.200000 0.400000 0.273630
0.200000 0.500000 0.331000
0.300000 0.000000 0.131000
0.300000 0.100000 0.175811
0.300000 0.200000 0.218930
0.300000 0.300000 0.267249
0.300000 0.400000 0.322358
0.300000 0.500000 0.381000
0.400000 0.000000 0.201000
0.400000 0.100000 0.235209
0.400000 0.200000 0.273630
0.400000 0.300000 0.322358
0.400000 0.400000 0.382528
0.400000 0.500000 0.451000
0.500000 0.000000 0.291000
0.500000 0.100000 0.301000
0.500000 0.200000 0.331000
0.500000 0.300000 0.381000
0.500000 0.400000 0.451000
0.500000 0.500000 0.541000

# 0.042000 time
0.000000 0.000000 0.042000
0.000000 0.100000 0.052000
0.000000 0.200000 0.082000
0.000000 0.300000 0.132000
0.000000 0.400000 0.202000
0.000000 0.500000 0.292000
0.100000 0.000000 0.052000
0.100000 0.100000 0.088951
0.100000 0.200000 0.128181
0.100000 0.300000 0.176909
0.100000 0.400000 0.236270
0.100000 0.500000 0.302000
0.200000 0.000000 0.082000
0.200000 0.100000 0.128181
0.200000 0.200000 0.171769
0.200000 0.300000 0.220088
0.200000 0.400000 0.274728
0.200000 0.500000 0.332000
0.300000 0.000000 0.132000
0.300000 0.100000 0.176909
0.300000 0.200000 0.220088
0.300000 0.300000 0.268407
0.300000 0.400000 0.323455
0.300000 0.500000 0.382000
0.400000 0.000000 0.202000
0.400000 0.100000 0.236270
0.400000 0.200000 0.274728
0.400000 0.300000 0.323455
0.400000 0.400000 0.383588
0.400000 0.500000 0.452000
0.500000 0.000000 0.292000
0.500000 0.100000 0.302000
0.500000 0.200000 0.332000
0.500000 0.300000 0.382000
0.500000 0.400000 0.452000
0.500000 0.500000 0.542000

# 0.043000 time
0.000000 0.000000 0.043000
0.000000 0.100000 0.053000
0.000000 0.200000 0.083000
0.000000 0.300000 0.133000
0.000000 0.400000 0.203000
0.000000 0.500000 0.293000
0.100000 0.000000 0.053000
0.100000 0.100000 0.090007
0.100000 0.200000 0.129272
0.100000 0.300000 0.177999
0.100000 0.400000 0.237325
0.100000 0.500000 0.303000
0.200000 0.000000 0.083000
0.200000 0.100000 0.129272
0.200000 0.200000 0.172915
0.200000 0.300000 0.221234
0.200000 0.400000 0.275818
0.200000 0.500000 0.333000
0.300000 0.000000 0.133000
0.300000 0.100000 0.177999
0.300000 0.200000 0.221234
0.300000 0.300000 0.269553
0.300000 0.400000 0.324545
0.300000 0.500000 0.383000
0.400000 0.000000 0.203000
0.400000 0.100000 0.237325
0.400000 0.200000 0.275818
0.400000 0.300000 0.324545
0.400000 0.400000 0.384644
0.400000 0.500000 0.453000
0.500000 0.000000 0.293000
0.500000 0.100000 0.303000
0.500000 0.200000 0.333000
0.500000 0.300000 0.383000
0.500000 0.400000 0.453000
0.500000 0.500000 0.543000

# 0.044000 time
0.000000 0.000000 0.044000
0.000000 0.100000 0.054000
0.000000 0.200000 0.084000
0.000000 0.300000 0.134000
0.000000 0.400000 0.204000
0.000000 0.500000 0.294000
0.100000 0.000000 0.054000
0.100000 0.100000 0.091058
0.100000 0.200000 0.130355
0.100000 0.300000 0.179083
0.100000 0.400000 0.238377
0.100000 0.500000 0.304000
0.200000 0.000000 0.084000
0.200000 0.100000 0.130355
0.200000 0.200000 0.174050
0.200000 0.300000 0.222369
0.200000 0.400000 0.276901
0.200000 0.500000 0.334000
0.300000 0.000000 0.134000
0.300000 0.100000 0.179083
0.300000 0.200000 0.222369
0.300000 0.300000 0.270688
0.300000 0.400000 0.325629
0.300000 0.500000 0.384000
0.400000 0.000000 0.204000
0.400000 0.100000 0.238377
0.400000 0.200000 0.276901
0.400000 0.300000 0.325629
0.400000 0.400000 0.385696
0.400000 0.500000 0.454000
0.500000 0.000000 0.294000
0.500000 0.100000 0.304000
0.500000 0.200000 0.334000
0.500000 0.300000 0.384000
0.500000 0.400000 0.454000
0.500000 0.500000 0.544000

# 0.045000 time
0.000000 0.000000 0.045000
0.000000 0.100000 0.055000
0.000000 0.200000 0.085000
0.000000 0.300000 0.135000
0.000000 0.400000 0.205000
0.000000 0.500000 0.295000
0.100000 0.000000 0.055000
0.100000 0.100000 0.092106
0.100000 0.200000 0.131432
0.100000 0.300000 0.180160
0.100000 0.400000 0.239425
0.100000 0.500000 0.305000
0.200000 0.000000 0.085000
0.200000 0.100000 0.131432
0.200000 0.200000 0.175175
0.200000 0.300000 0.223494
0.200000 0.400000 0.277978
0.200000 0.500000 0.335000
0.300000 0.000000 0.135000
0.300000 0.100000 0.180160
0.300000 0.200000 0.223494
0.300000 0.300000 0.271812
0.300000 0.400000 0.326706
0.300000 0.500000 0.385000
0.400000 0.000000 0.205000
0.400000 0.100000 0.239425
0.400000 0.200000 0.277978
0.400000 0.300000 0.326706
0.400000 0.400000 0.386743
0.400000 0.500000 0.455000
0.500000 0.000000 0.295000
0.500000 0.100000 0.305000
0.500000 0.200000 0.335000
0.500000 0.300000 0.385000
0.500000 0.400000 0.455000
0.500000 0.500000 0.545000

# 0.046000 time
0.000000 0.000000 0.046000
0.000000 0.100000 0.056000
0.000000 0.200000 0.086000
0.000000 0.300000 0.136000
0.000000 0.400000 0.206000
0.000000 0.500000 0.296000
0.100000 0.000000 0.056000
0.100000 0.100000 0.093150
0.100000 0.200000 0.132503
0.100000 0.300000 0.181231
0.100000 0.400000 0.240469
0.100000 0.500000 0.306000
0.200000 0.000000 0.086000
0.200000 0.100000 0.132503
0.200000 0.200000 0.176290
0.200000 0.300000 0.224609
0.200000 0.400000 0.279049
0.200000 0.500000 0.336000
0.300000 0.000000 0.136000
0.300000 0.100000 0.181231
0.300000 0.200000 0.224609
0.300000 0.300000 0.272927
0.300000 0.400000 0.327777
0.300000 0.500000 0.386000
0.400000 0.000000 0.206000
0.400000 0.100000 0.240469
0.400000 0.200000 0.279049
0.400000 0.300000 0.327777
0.400000 0.400000 0.387787
0.400000 0.500000 0.456000
0.500000 0.000000 0.296000
0.500000 0.100000 0.306000
0.500000 0.200000 0.336000
0.500000 0.300000 0.386000
0.500000 0.400000 0.456000
0.500000 0.500000 0.546000

# 0.047000 time
0.000000 0.000000 0.047000
0.000000 0.100000 0.057000
0.000000 0.200000 0.087000
0.000000 0.300000 0.137000
0.000000 0.400000 0.207000
0.000000 0.500000 0.297000
0.100000 0.000000 0.057000
0.100000 0.100000 0.094191
0.100000 0.200000 0.133569
0.100000 0.300000 0.182297
0.100000 0.400000 0.241509
0.100000 0.500000 0.307000
0.200000 0.000000 0.087000
0.200000 0.100000 0.133569
0.200000 0.200000 0.177396
0.200000 0.300000 0.225715
0.200000 0.400000 0.280115
0.200000 0.500000 0.337000
0.300000 0.000000 0.137000
0.300000 0.100000 0.182297
0.300000 0.200000 0.225715
0.300000 0.300000 0.274033
0.300000 0.400000 0.328842
0.300000 0.500000 0.387000
0.400000 0.000000 0.207000
0.400000 0.100000 0.241509
0.400000 0.200000 0.280115
0.400000 0.300000 0.328842
0.400000 0.400000 0.388828
0.400000 0.500000 0.457000
0.500000 0.000000 0.297000
0.500000 0.100000 0.307000
0.500000 0.200000 0.337000
0.500000 0.300000 0.387000
0.500000 0.400000 0.457000
0.500000 0.500000 0.547000

# 0.048000 time
0.000000 0.000000 0.048000
0.000000 0.100000 0.058000
0.000000 0.200000 0.088000
0.000000 0.300000 0.138000
0.000000 0.400000 0.208000
0.000000 0.500000 0.298000
0.100000 0.000000 0.058000
0.100000 0.100000 0.095228
0.100000 0.200000 0.134630
0.100000 0.300000 0.183357
0.100000 0.400000 0.242547
0.100000 0.500000 0.308000
0.200000 0.000000 0.088000
0.200000 0.100000 0.134630
0.200000 0.200000 0.178495
0.200000 0.300000 0.226813
0.200000 0.400000 0.281176
0.200000 0.500000 0.338000
0.300000 0.000000 0.138000
0.300000 0.100000 0.183357
0.300000 0.200000 0.226813
0.300000 0.300000 0.275131
0.300000 0.400000 0.329903
0.300000 0.500000 0.388000
0.400000 0.000000 0.208000
0.400000 0.100000 0.242547
0.400000 0.200000 0.281176
0.400000 0.300000 0.329903
0.400000 0.400000 0.389865
0.400000 0.500000 0.458000
0.500000 0.000000 0.298000
0.500000 0.100000 0.308000
0.500000 0.200000 0.338000
0.500000 0.300000 0.388000
0.500000 0.400000 0.458000
0.500000 0.500000 0.548000

# 0.049000 time
0.000000 0.000000 0.049000
0.000000 0.100000 0.059000
0.000000 0.200000 0.089000
0.000000 0.300000 0.139000
0.000000 0.400000 0.209000
0.000000 0.500000 0.299000
0.100000 0.000000 0.059000
0.100000 0.100000 0.096263
0.100000 0.200000 0.135686
0.100000 0.300000 0.184413
0.100000 0.400000 0.243581
0.100000 0.500000 0.309000
0.200000 0.000000 0.089000
0.200000 0.100000 0.135686
0.200000 0.200000 0.179585
0.200000 0.300000 0.227904
0.200000 0.400000 0.282232
0.200000 0.500000 0.339000
0.300000 0.000000 0.139000
0.300000 0.100000 0.184413
0.300000 0.200000 0.227904
0.300000 0.300000 0.276222
0.300000 0.400000 0.330959
0.300000 0.500000 0.389000
0.400000 0.000000 0.209000
0.400000 0.100000 0.243581
0.400000 0.200000 0.282232
0.400000 0.300000 0.330959
0.400000 0.400000 0.390900
0.400000 0.500000 0.459000
0.500000 0.000000 0.299000
0.500000 0.100000 0.309000
0.500000 0.200000 0.339000
0.500000 0.300000 0.389000
0.500000 0.400000 0.459000
0.500000 0.500000 0.549000

# 0.050000 time
0.000000 0.000000 0.050000
0.000000 0.100000 0.060000
0.000000 0.200000 0.090000
0.000000 0.300000 0.140000
0.000000 0.400000 0.210000
0.000000 0.500000 0.300000
0.100000 0.000000 0.060000
0.100000 0.100000 0.097295
0.100000 0.200000 0.136738
0.100000 0.300000 0.185465
0.100000 0.400000 0.244613
0.100000 0.500000 0.310000
0.200000 0.000000 0.090000
0.200000 0.100000 0.136738
0.200000 0.200000 0.180669
0.200000 0.300000 0.228987
0.200000 0.400000 0.283283
0.200000 0.500000 0.340000
0.300000 0.000000 0.140000
0.300000 0.100000 0.185465
0.300000 0.200000 0.228987
0.300000 0.300000 0.277306
0.300000 0.400000 0.332011
0.300000 0.500000 0.390000
0.400000 0.000000 0.210000
0.400000 0.100000 0.244613
0.400000 0.200000 0.283283
0.400000 0.300000 0.332011
0.400000 0.400000 0.391932
0.400000 0.500000 0.460000
0.500000 0.000000 0.300000
0.500000 0.100000 0.310000
0.500000 0.200000 0.340000
0.500000 0.300000 0.390000
0.500000 0.400000 0.460000
0.500000 0.500000 0.550000

# 0.051000 time
0.000000 0.000000 0.051000
0.000000 0.100000 0.061000
0.000000 0.200000 0.091000
0.000000 0.300000 0.141000
0.000000 0.400000 0.211000
0.000000 0.500000 0.301000
0.100000 0.000000 0.061000
0.100000 0.100000 0.098325
0.100000 0.200000 0.137786
0.100000 0.300000 0.186513
0.100000 0.400000 0.245643
0.100000 0.500000 0.311000
0.200000 0.000000 0.091000
0.200000 0.100000 0.137786
0.200000 0.200000 0.181747
0.200000 0.300000 0.230065
0.200000 0.400000 0.284331
0.200000 0.500000 0.341000
0.300000 0.000000 0.141000
0.300000 0.100000 0.186513
0.300000 0.200000 0.230065
0.300000 0.300000 0.278383
0.300000 0.400000 0.333059
0.300000 0.500000 0.391000
0.400000 0.000000 0.211000
0.400000 0.100000 0.245643
0.400000 0.200000 0.284331
0.400000 0.300000 0.333059
0.400000 0.400000 0.392961
0.400000 0.500000 0.461000
0.500000 0.000000 0.301000
0.500000 0.100000 0.311000
0.500000 0.200000 0.341000
0.500000 0.300000 0.391000
0.500000 0.400000 0.461000
0.500000 0.500000 0.551000

# 0.052000 time
0.000000 0.000000 0.052000
0.000000 0.100000 0.062000
0.000000 0.200000 0.092000
0.000000 0.300000 0.142000
0.000000 0.400000 0.212000
0.000000 0.500000 0.302000
0.100000 0.000000 0.062000
0.100000 0.100000 0.099352
0.100000 0.200000 0.138830
0.100000 0.300000 0.187557
0.100000 0.400000 0.246670
0.100000 0.500000 0.312000
0.200000 0.000000 0.092000
0.200000 0.100000 0.138830
0.200000 0.200000 0.182818
0.200000 0.300000 0.231136
0.200000 0.400000 0.285375
0.200000 0.500000 0.342000
0.300000 0.000000 0.142000
0.300000 0.100000 0.187557
0.300000 0.200000 0.231136
0.300000 0.300000 0.279455
0.300000 0.400000 0.334103
0.300000 0.500000 0.392000
0.400000 0.000000 0.212000
0.400000 0.100000 0.246670
0.400000 0.200000 0.285375
0.400000 0.300000 0.334103
0.400000 0.400000 0.393988
0.400000 0.500000 0.462000
0.500000 0.000000 0.302000
0.500000 0.100000 0.312000
0.500000 0.200000 0.342000
0.500000 0.300000 0.392000
0.500000 0.400000 0.462000
0.500000 0.500000 0.552000

# 0.053000 time
0.000000 0.000000 0.053000
0.000000 0.100000 0.063000
0.000000 0.200000 0.093000
0.000000 0.300000 0.143000
0.000000 0.400000 0.213000
0.000000 0.500000 0.303000
0.100000 0.000000 0.063000
0.100000 0.100000 0.100377
0.100000 0.200000 0.139871
0.100000 0.300000 0.188598
0.100000 0.400000 0.247695
0.100000 0.500000 0.313000
0.200000 0.000000 0.093000
0.200000 0.100000 0.139871
0.200000 0.200000 0.183884
0.200000 0.300000 0.232202
0.200000 0.400000 0.286416
0.200000 0.500000 0.343000
0.300000 0.000000 0.143000
0.300000 0.100000 0.188598
0.300000 0.200000 0.232202
0.300000 0.300000 0.280521
0.300000 0.400000 0.335143
0.300000 0.500000 0.393000
0.400000 0.000000 0.213000
0.400000 0.100000 0.247695
0.400000 0.200000 0.286416
0.400000 0.300000 0.335143
0.400000 0.400000 0.395014
0.400000 0.500000 0.463000
0.500000 0.000000 0.303000
0.500000 0.100000 0.313000
0.500000 0.200000 0.343000
0.500000 0.300000 0.393000
0.500000 0.400000 0.463000
0.500000 0.500000 0.553000

# 0.054000 time
0.000000 0.000000 0.054000
0.000000 0.100000 0.064000
0.000000 0.200000 0.094000
0.000000 0.300000 0.144000
0.000000 0.400000 0.214000
0.000000 0.500000 0.304000
0.100000 0.000000 0.064000
0.100000 0.100000 0.101400
0.100000 0.200000 0.140908
0.100000 0.300000 0.189636
0.100000 0.400000 0.248719
0.100000 0.500000 0.314000
0.200000 0.000000 0.094000
0.200000 0.100000 0.140908
0.200000 0.200000 0.184945
0.200000 0.300000 0.233263
0.200000 0.400000 0.287454
0.200000 0.500000 0.344000
0.300000 0.000000 0.144000
0.300000 0.100000 0.189636
0.300000 0.200000 0.233263
0.300000 0.300000 0.281581
0.300000 0.400000 0.336181
0.300000 0.500000 0.394000
0.400000 0.000000 0.214000
0.400000 0.100000 0.248719
0.400000 0.200000 0.287454
0.400000 0.300000 0.336181
0.400000 0.400000 0.396037
0.400000 0.500000 0.464000
0.500000 0.000000 0.304000
0.500000 0.100000 0.314000
0.500000 0.200000 0.344000
0.500000 0.300000 0.394000
0.500000 0.400000 0.464000
0.500000 0.500000 0.554000

# 0.055000 time
0.000000 0.000000 0.055000
0.000000 0.100000 0.065000
0.000000 0.200000 0.095000
0.000000 0.300000 0.145000
0.000000 0.400000 0.215000
0.000000 0.500000 0.305000
0.100000 0.000000 0.065000
0.100000 0.100000 0.102422
0.100000 0.200000 0.141943
0.100000 0.300000 0.190670
0.100000 0.400000 0.249740
0.100000 0.500000 0.315000
0.200000 0.000000 0.095000
0.200000 0.100000 0.141943
0.200000 0.200000 0.186001
0.200000 0.300000 0.234319
0.200000 0.400000 0.288489
0.200000 0.500000 0.345000
0.300000 0.000000 0.145000
0.300000 0.100000 0.190670
0.300000 0.200000 0.234319
0.300000 0.300000 0.282638
0.300000 0.400000 0.337216
0.300000 0.500000 0.395000
0.400000 0.000000 0.215000
0.400000 0.100000 0.249740
0.400000 0.200000 0.288489
0.400000 0.300000 0.337216
0.400000 0.400000 0.397058
0.400000 0.500000 0.465000
0.500000 0.000000 0.305000
0.500000 0.100000 0.315000
0.500000 0.200000 0.345000
0.500000 0.300000 0.395000
0.500000 0.400000 0.465000
0.500000 0.500000 0.555000

# 0.056000 time
0.000000 0.000000 0.056000
0.000000 0.100000 0.066000
0.000000 0.200000 0.096000
0.000000 0.300000 0.146000
0.000000 0.400000 0.216000
0.000000 0.500000 0.306000
0.100000 0.000000 0.066000
0.100000 0.100000 0.103442
0.100000 0.200000 0.142975
0.100000 0.300000 0.191702
0.100000 0.400000 0.250760
0.100000 0.500000 0.316000
0.200000 0.000000 0.096000
0.200000 0.100000 0.142975
0.200000 0.200000 0.187053
0.200000 0.300000 0.235371
0.200000 0.400000 0.289521
0.200000 0.500000 0.346000
0.300000 0.000000 0.146000
0.300000 0.100000 0.191702
0.300000 0.200000 0.235371
0.300000 0.300000 0.283690
0.300000 0.400000 0.338248
0.300000 0.500000 0.396000
0.400000 0.000000 0.216000
0.400000 0.100000 0.250760
0.400000 0.200000 0.289521
0.400000 0.300000 0.338248
0.400000 0.400000 0.398078
0.400000 0.500000 0.466000
0.500000 0.000000 0.306000
0.500000 0.100000 0.316000
0.500000 0.200000 0.346000
0.500000 0.300000 0.396000
0.500000 0.400000 0.466000
0.500000 0.500000 0.556000

# 0.057000 time
0.000000 0.000000 0.057000
0.000000 0.100000 0.067000
0.000000 0.200000 0.097000
0.000000 0.300000 0.147000
0.000000 0.400000 0.217000
0.000000 0.500000 0.307000
0.100000 0.000000 0.067000
0.100000 0.100000 0.104460
0.100000 0.200000 0.144005
0.100000 0.300000 0.192732
0.100000 0.400000 0.251778
0.100000 0.500000 0.317000
0.200000 0.000000 0.097000
0.200000 0.100000 0.144005
0.200000 0.200000 0.188101
0.200000 0.300000 0.236419
0.200000 0.400000 0.290550
0.200000 0.500000 0.347000
0.300000 0.000000 0.147000
0.300000 0.100000 0.192732
0.300000 0.200000 0.236419
0.300000 0.300000 0.284738
0.300000 0.400000 0.339278
0.300000 0.500000 0.397000
0.400000 0.000000 0.217000
0.400000 0.100000 0.251778
0.400000 0.200000 0.290550
0.400000 0.300000 0.339278
0.400000 0.400000 0.399096
0.400000 0.500000 0.467000
0.500000 0.000000 0.307000
0.500000 0.100000 0.317000
0.500000 0.200000 0.347000
0.500000 0.300000 0.397000
0.500000 0.400000 0.467000
0.500000 0.500000 0.557000

# 0.058000 time
0.000000 0.000000 0.058000
0.000000 0.100000 0.068000
0.000000 0.200000 0.098000
0.000000 0.300000 0.148000
0.000000 0.400000 0.218000
0.000000 0.500000 0.308000
0.100000 0.000000 0.068000
0.100000 0.100000 0.105477
0.100000 0.200000 0.145032
0.100000 0.300000 0.193760
0.100000 0.400000 0.252795
0.100000 0.500000 0.318000
0.200000 0.000000 0.098000
0.200000 0.100000 0.145032
0.200000 0.200000 0.189146
0.200000 0.300000 0.237464
0.200000 0.400000 0.291578
0.200000 0.500000 0.348000
0.300000 0.000000 0.148000
0.300000 0.100000 0.193760
0.300000 0.200000 0.237464
0.300000 0.300000 0.285782
0.300000 0.400000 0.340305
0.300000 0.500000 0.398000
0.400000 0.000000 0.218000
0.400000 0.100000 0.252795
0.400000 0.200000 0.291578
0.400000 0.300000 0.340305
0.400000 0.400000 0.400113
0.400000 0.500000 0.468000
0.500000 0.000000 0.308000
0.500000 0.100000 0.318000
0.500000 0.200000 0.348000
0.500000 0.300000 0.398000
0.500000 0.400000 0.468000
0.500000 0.500000 0.558000

# 0.059000 time
0.000000 0.000000 0.059000
0.000000 0.100000 0.069000
0.000000 0.200000 0.099000
0.000000 0.300000 0.149000
0.000000 0.400000 0.219000
0.000000 0.500000 0.309000
0.100000 0.000000 0.069000
0.100000 0.100000 0.106493
0.100000 0.200000 0.146058
0.100000 0.300000 0.194785
0.100000 0.400000 0.253811
0.100000 0.500000 0.319000
0.200000 0.000000 0.099000
0.200000 0.100000 0.146058
0.200000 0.200000 0.190187
0.200000 0.300000 0.238505
0.200000 0.400000 0.292603
0.200000 0.500000 0.349000
0.300000 0.000000 0.149000
0.300000 0.100000 0.194785
0.300000 0.200000 0.238505
0.300000 0.300000 0.286823
0.300000 0.400000 0.341330
0.300000 0.500000 0.399000
0.400000 0.000000 0.219000
0.400000 0.100000 0.253811
0.400000 0.200000 0.292603
0.400000 0.300000 0.341330
0.400000 0.400000 0.401129
0.400000 0.500000 0.469000
0.500000 0.000000 0.309000
0.500000 0.100000 0.319000
0.500000 0.200000 0.349000
0.500000 0.300000 0.399000
0.500000 0.400000 0.469000
0.500000 0.500000 0.559000

# 0.060000 time
0.000000 0.000000 0.060000
0.000000 0.100000 0.070000
0.000000 0.200000 0.100000
0.000000 0.300000 0.150000
0.000000 0.400000 0.220000
0.000000 0.500000 0.310000
0.100000 0.000000 0.070000
0.100000 0.100000 0.107507
0.100000 0.200000 0.147081
0.100000 0.300000 0.195808
0.100000 0.400000 0.254825
0.100000 0.500000 0.320000
0.200000 0.000000 0.100000
0.200000 0.100000 0.147081
0.200000 0.200000 0.191224
0.200000 0.300000 0.239543
0.200000 0.400000 0.293626
0.200000 0.500000 0.350000
0.300000 0.000000 0.150000
0.300000 0.100000 0.195808
0.300000 0.200000 0.239543
0.300000 0.300000 0.287861
0.300000 0.400000 0.342354
0.300000 0.500000 0.400000
0.400000 0.000000 0.220000
0.400000 0.100000 0.254825
0.400000 0.200000 0.293626
0.400000 0.300000 0.342354
0.400000 0.400000 0.402143
0.400000 0.500000 0.470000
0.500000 0.000000 0.310000
0.500000 0.100000 0.320000
0.500000 0.200000 0.350000
0.500000 0.300000 0.400000
0.500000 0.400000 0.470000
0.500000 0.500000 0.560000

# 0.061000 time
0.000000 0.000000 0.061000
0.000000 0.100000 0.071000
0.000000 0.200000 0.101000
0.000000 0.300000 0.151000
0.000000 0.400000 0.221000
0.000000 0.500000 0.311000
0.100000 0.000000 0.071000
0.100000 0.100000 0.108520
0.100000 0.200000 0.148103
0.100000 0.300000 0.196830
0.100000 0.400000 0.255839
0.100000 0.500000 0.321000
0.200000 0.000000 0.101000
0.200000 0.100000 0.148103
0.200000 0.200000 0.192259
0.200000 0.300000 0.240578
0.200000 0.400000 0.294648
0.200000 0.500000 0.351000
0.300000 0.000000 0.151000
0.300000 0.100000 0.196830
0.300000 0.200000 0.240578
0.300000 0.300000 0.288896
0.300000 0.400000 0.343375
0.300000 0.500000 0.401000
0.400000 0.000000 0.221000
0.400000 0.100000 0.255839
0.400000 0.200000 0.294648
0.400000 0.300000 0.343375
0.400000 0.400000 0.403157
0.400000 0.500000 0.471000
0.500000 0.000000 0.311000
0.500000 0.100000 0.321000
0.500000 0.200000 0.351000
0.500000 0.300000 0.401000
0.500000 0.400000 0.471000
0.500000 0.500000 0.561000

# 0.062000 time
0.000000 0.000000 0.062000
0.000000 0.100000 0.072000
0.000000 0.200000 0.102000
0.000000 0.300000 0.152000
0.000000 0.400000 0.222000
0.000000 0.500000 0.312000
0.100000 0.000000 0.072000
0.100000 0.100000 0.109533
0.100000 0.200000 0.149122
0.100000 0.300000 0.197850
0.100000 0.400000 0.256851
0.100000 0.500000 0.322000
0.200000 0.000000 0.102000
0.200000 0.100000 0.149122
0.200000 0.200000 0.193292
0.200000 0.300000 0.241610
0.200000 0.400000 0.295668
0.200000 0.500000 0.352000
0.300000 0.000000 0.152000
0.300000 0.100000 0.197850
0.300000 0.200000 0.241610
0.300000 0.300000 0.289928
0.300000 0.400000 0.344395
0.300000 0.500000 0.402000
0.400000 0.000000 0.222000
0.400000 0.100000 0.256851
0.400000 0.200000 0.295668
0.400000 0.300000 0.344395
0.400000 0.400000 0.404169
0.400000 0.500000 0.472000
0.500000 0.000000 0.312000
0.500000 0.100000 0.322000
0.500000 0.200000 0.352000
0.500000 0.300000 0.402000
0.500000 0.400000 0.472000
0.500000 0.500000 0.562000

# 0.063000 time
0.000000 0.000000 0.063000
0.000000 0.100000 0.073000
0.000000 0.200000 0.103000
0.000000 0.300000 0.153000
0.000000 0.400000 0.223000
0.000000 0.500000 0.313000
0.100000 0.000000 0.073000
0.100000 0.100000 0.110544
0.100000 0.200000 0.150141
0.100000 0.300000 0.198868
0.100000 0.400000 0.257862
0.100000 0.500000 0.323000
0.200000 0.000000 0.103000
0.200000 0.100000 0.150141
0.200000 0.200000 0.194321
0.200000 0.300000 0.242640
0.200000 0.400000 0.296686
0.200000 0.500000 0.353000
0.300000 0.000000 0.153000
0.300000 0.100000 0.198868
0.300000 0.200000 0.242640
0.300000 0.300000 0.290958
0.300000 0.400000 0.345414
0.300000 0.500000 0.403000
0.400000 0.000000 0.223000
0.400000 0.100000 0.257862
0.400000 0.200000 0.296686
0.400000 0.300000 0.345414
0.400000 0.400000 0.405181
0.400000 0.500000 0.473000
0.500000 0.000000 0.313000
0.500000 0.100000 0.323000
0.500000 0.200000 0.353000
0.500000 0.300000 0.403000
0.500000 0.400000 0.473000
0.500000 0.500000 0.563000

# 0.064000 time
0.000000 0.000000 0.064000
0.000000 0.100000 0.074000
0.000000 0.200000 0.104000
0.000000 0.300000 0.154000
0.000000 0.400000 0.224000
0.000000 0.500000 0.314000
0.100000 0.000000 0.074000
0.100000 0.100000 0.111555
0.100000 0.200000 0.151158
0.100000 0.300000 0.199885
0.100000 0.400000 0.258873
0.100000 0.500000 0.324000
0.200000 0.000000 0.104000
0.200000 0.100000 0.151158
0.200000 0.200000 0.195349
0.200000 0.300000 0.243667
0.200000 0.400000 0.297703
0.200000 0.500000 0.354000
0.300000 0.000000 0.154000
0.300000 0.100000 0.199885
0.300000 0.200000 0.243667
0.300000 0.300000 0.291985
0.300000 0.400000 0.346431
0.300000 0.500000 0.404000
0.400000 0.000000 0.224000
0.400000 0.100000 0.258873
0.400000 0.200000 0.297703
0.400000 0.300000 0.346431
0.400000 0.400000 0.406191
0.400000 0.500000 0.474000
0.500000 0.000000 0.314000
0.500000 0.100000 0.324000
0.500000 0.200000 0.354000
0.500000 0.300000 0.404000
0.500000 0.400000 0.474000
0.500000 0.500000 0.564000

# 0.065000 time
0.000000 0.000000 0.065000
0.000000 0.100000 0.075000
0.000000 0.200000 0.105000
0.000000 0.300000 0.155000
0.000000 0.400000 0.225000
0.000000 0.500000 0.315000
0.100000 0.000000 0.075000
0.100000 0.100000 0.112564
0.100000 0.200000 0.152174
0.100000 0.300000 0.200901
0.100000 0.400000 0.259883
0.100000 0.500000 0.325000
0.200000 0.000000 0.105000
0.200000 0.100000 0.152174
0.200000 0.200000 0.196374
0.200000 0.300000 0.244693
0.200000 0.400000 0.298719
0.200000 0.500000 0.355000
0.300000 0.000000 0.155000
0.300000 0.100000 0.200901
0.300000 0.200000 0.244693
0.300000 0.300000 0.293011
0.300000 0.400000 0.347446
0.300000 0.500000 0.405000
0.400000 0.000000 0.225000
0.400000 0.100000 0.259883
0.400000 0.200000 0.298719
0.400000 0.300000 0.347446
0.400000 0.400000 0.407201
0.400000 0.500000 0.475000
0.500000 0.000000 0.315000
0.500000 0.100000 0.325000
0.500000 0.200000 0.355000
0.500000 0.300000 0.405000
0.500000 0.400000 0.475000
0.500000 0.500000 0.565000

# 0.066000 time
0.000000 0.000000 0.066000
0.000000 0.100000 0.076000
0.000000 0.200000 0.106000
0.000000 0.300000 0.156000
0.000000 0.400000 0.226000
0.000000 0.500000 0.316000
0.100000 0.000000 0.076000
0.100000 0.100000 0.113573
0.100000 0.200000 0.153188
0.100000 0.300000 0.201915
0.100000 0.400000 0.260892
0.100000 0.500000 0.326000
0.200000 0.000000 0.106000
0.200000 0.100000 0.153188
0.200000 0.200000 0.197398
0.200000 0.300000 0.245716
0.200000 0.400000 0.299734
0.200000 0.500000 0.356000
0.300000 0.000000 0.156000
0.300000 0.100000 0.201915
0.300000 0.200000 0.245716
0.300000 0.300000 0.294034
0.300000 0.400000 0.348461
0.300000 0.500000 0.406000
0.400000 0.000000 0.226000
0.400000 0.100000 0.260892
0.400000 0.200000 0.299734
0.400000 0.300000 0.348461
0.400000 0.400000 0.408210
0.400000 0.500000 0.476000
0.500000 0.000000 0.316000
0.500000 0.100000 0.326000
0.500000 0.200000 0.356000
0.500000 0.300000 0.406000
0.500000 0.400000 0.476000
0.500000 0.500000 0.566000

# 0.067000 time
0.000000 0.000000 0.067000
0.000000 0.100000 0.077000
0.000000 0.200000 0.107000
0.000000 0.300000 0.157000
0.000000 0.400000 0.227000
0.000000 0.500000 0.317000
0.100000 0.000000 0.077000
0.100000 0.100000 0.114582
0.100000 0.200000 0.154202
0.100000 0.300000 0.202929
0.100000 0.400000 0.261900
0.100000 0.500000 0.327000
0.200000 0.000000 0.107000
0.200000 0.100000 0.154202
0.200000 0.200000 0.198420
0.200000 0.300000 0.246738
0.200000 0.400000 0.300747
0.200000 0.500000 0.357000
0.300000 0.000000 0.157000
0.300000 0.100000 0.202929
0.300000 0.200000 0.246738
0.300000 0.300000 0.295056
0.300000 0.400000 0.349474
0.300000 0.500000 0.407000
0.400000 0.000000 0.227000
0.400000 0.100000 0.261900
0.400000 0.200000 0.300747
0.400000 0.300000 0.349474
0.400000 0.400000 0.409218
0.400000 0.500000 0.477000
0.500000 0.000000 0.317000
0.500000 0.100000 0.327000
0.500000 0.200000 0.357000
0.500000 0.300000 0.407000
0.500000 0.400000 0.477000
0.500000 0.500000 0.567000

# 0.068000 time
0.000000 0.000000 0.068000
0.000000 0.100000 0.078000
0.000000 0.200000 0.108000
0.000000 0.300000 0.158000
0.000000 0.400000 0.228000
0.000000 0.500000 0.318000
0.100000 0.000000 0.078000
0.100000 0.100000 0.115589
0.100000 0.200000 0.155214
0.100000 0.300000 0.203941
0.100000 0.400000 0.262907
0.100000 0.500000 0.328000
0.200000 0.000000 0.108000
0.200000 0.100000 0.155214
0.200000 0.200000 0.199440
0.200000 0.300000 0.247758
0.200000 0.400000 0.301759
0.200000 0.500000 0.358000
0.300000 0.000000 0.158000
0.300000 0.100000 0.203941
0.300000 0.200000 0.247758
0.300000 0.300000 0.296076
0.300000 0.400000 0.350487
0.300000 0.500000 0.408000
0.400000 0.000000 0.228000
0.400000 0.100000 0.262907
0.400000 0.200000 0.301759
0.400000 0.300000 0.350487
0.400000 0.400000 0.410226
0.400000 0.500000 0.478000
0.500000 0.000000 0.318000
0.500000 0.100000 0.328000
0.500000 0.200000 0.358000
0.500000 0.300000 0.408000
0.500000 0.400000 0.478000
0.500000 0.500000 0.568000

# 0.069000 time
0.000000 0.000000 0.069000
0.000000 0.100000 0.079000
0.000000 0.200000 0.109000
0.000000 0.300000 0.159000
0.000000 0.400000 0.229000
0.000000 0.500000 0.319000
0.100000 0.000000 0.079000
0.100000 0.100000 0.116596
0.100000 0.200000 0.156225
0.100000 0.300000 0.204953
0.100000 0.400000 0.263915
0.100000 0.500000 0.329000
0.200000 0.000000 0.109000
0.200000 0.100000 0.156225
0.200000 0.200000 0.200458
0.200000 0.300000 0.248776
0.200000 0.400000 0.302771
0.200000 0.500000 0.359000
0.300000 0.000000 0.159000
0.300000 0.100000 0.204953
0.300000 0.200000 0.248776
0.300000 0.300000 0.297094
0.300000 0.400000 0.351498
0.300000 0.500000 0.409000
0.400000 0.000000 0.229000
0.400000 0.100000 0.263915
0.400000 0.200000 0.302771
0.400000 0.300000 0.351498
0.400000 0.400000 0.411233
0.400000 0.500000 0.479000
0.500000 0.000000 0.319000
0.500000 0.100000 0.329000
0.500000 0.200000 0.359000
0.500000 0.300000 0.409000
0.500000 0.400000 0.479000
0.500000 0.500000 0.569000

# 0.070000 time
0.000000 0.000000 0.070000
0.000000 0.100000 0.080000
0.000000 0.200000 0.110000
0.000000 0.300000 0.160000
0.000000 0.400000 0.230000
0.000000 0.500000 0.320000
0.100000 0.000000 0.080000
0.100000 0.100000 0.117603
0.100000 0.200000 0.157236
0.100000 0.300000 0.205963
0.100000 0.400000 0.264921
0.100000 0.500000 0.330000
0.200000 0.000000 0.110000
0.200000 0.100000 0.157236
0.200000 0.200000 0.201475
0.200000 0.300000 0.249793
0.200000 0.400000 0.303781
0.200000 0.500000 0.360000
0.300000 0.000000 0.160000
0.300000 0.100000 0.205963
0.300000 0.200000 0.249793
0.300000 0.300000 0.298112
0.300000 0.400000 0.352509
0.300000 0.500000 0.410000
0.400000 0.000000 0.230000
0.400000 0.100000 0.264921
0.400000 0.200000 0.303781
0.400000 0.300000 0.352509
0.400000 0.400000 0.412239
0.400000 0.500000 0.480000
0.500000 0.000000 0.320000
0.500000 0.100000 0.330000
0.500000 0.200000 0.360000
0.500000 0.300000 0.410000
0.500000 0.400000 0.480000
0.500000 0.500000 0.570000

# 0.071000 time
0.000000 0.000000 0.071000
0.000000 0.100000 0.081000
0.000000 0.200000 0.111000
0.000000 0.300000 0.161000
0.000000 0.400000 0.231000
0.000000 0.500000 0.321000
0.100000 0.000000 0.081000
0.100000 0.100000 0.118609
0.100000 0.200000 0.158246
0.100000 0.300000 0.206973
0.100000 0.400000 0.265927
0.100000 0.500000 0.331000
0.200000 0.000000 0.111000
0.200000 0.100000 0.158246
0.200000 0.200000 0.202491
0.200000 0.300000 0.250809
0.200000 0.400000 0.304791
0.200000 0.500000 0.361000
0.300000 0.000000 0.161000
0.300000 0.100000 0.206973
0.300000 0.200000 0.250809
0.300000 0.300000 0.299127
0.300000 0.400000 0.353518
0.300000 0.500000 0.411000
0.400000 0.000000 0.231000
0.400000 0.100000 0.265927
0.400000 0.200000 0.304791
0.400000 0.300000 0.353518
0.400000 0.400000 0.413245
0.400000 0.500000 0.481000
0.500000 0.000000 0.321000
0.500000 0.100000 0.331000
0.500000 0.200000 0.361000
0.500000 0.300000 0.411000
0.500000 0.400000 0.481000
0.500000 0.500000 0.571000

# 0.072000 time
0.000000 0.000000 0.072000
0.000000 0.100000 0.082000
0.000000 0.200000 0.112000
0.000000 0.300000 0.162000
0.000000 0.400000 0.232000
0.000000 0.500000 0.322000
0.100000 0.000000 0.082000
0.100000 0.100000 0.119614
0.100000 0.200000 0.159255
0.100000 0.300000 0.207982
0.100000 0.400000 0.266933
0.100000 0.500000 0.332000
0.200000 0.000000 0.112000
0.200000 0.100000 0.159255
0.200000 0.200000 0.203506
0.200000 0.300000 0.251824
0.200000 0.400000 0.305800
0.200000 0.500000 0.362000
0.300000 0.000000 0.162000
0.300000 0.100000 0.207982
0.300000 0.200000 0.251824
0.300000 0.300000 0.300142
0.300000 0.400000 0.354527
0.300000 0.500000 0.412000
0.400000 0.000000 0.232000
0.400000 0.100000 0.266933
0.400000 0.200000 0.305800
0.400000 0.300000 0.354527
0.400000 0.400000 0.414251
0.400000 0.500000 0.482000
0.500000 0.000000 0.322000
0.500000 0.100000 0.332000
0.500000 0.200000 0.362000
0.500000 0.300000 0.412000
0.500000 0.400000 0.482000
0.500000 0.500000 0.572000

# 0.073000 time
0.000000 0.000000 0.073000
0.000000 0.100000 0.083000
0.000000 0.200000 0.113000
0.000000 0.300000 0.163000
0.000000 0.400000 0.233000
0.000000 0.500000 0.323000
0.100000 0.000000 0.083000
0.100000 0.100000 0.120620
0.100000 0.200000 0.160263
0.100000 0.300000 0.208990
0.100000 0.400000 0.267938
0.100000 0.500000 0.333000
0.200000 0.000000 0.113000
0.200000 0.100000 0.160263
0.200000 0.200000 0.204519
0.200000 0.300000 0.252837
0.200000 0.400000 0.306808
0.200000 0.500000 0.363000
0.300000 0.000000 0.163000
0.300000 0.100000 0.208990
0.300000 0.200000 0.252837
0.300000 0.300000 0.301155
0.300000 0.400000 0.355536
0.300000 0.500000 0.413000
0.400000 0.000000 0.233000
0.400000 0.100000 0.267938
0.400000 0.200000 0.306808
0.400000 0.300000 0.355536
0.400000 0.400000 0.415256
0.400000 0.500000 0.483000
0.500000 0.000000 0.323000
0.500000 0.100000 0.333000
0.500000 0.200000 0.363000
0.500000 0.300000 0.413000
0.500000 0.400000 0.483000
0.500000 0.500000 0.573000

# 0.074000 time
0.000000 0.000000 0.074000
0.000000 0.100000 0.084000
0.000000 0.200000 0.114000
0.000000 0.300000 0.164000
0.000000 0.400000 0.234000
0.000000 0.500000 0.324000
0.100000 0.000000 0.084000
0.100000 0.100000 0.121624
0.100000 0.200000 0.161271
0.100000 0.300000 0.209998
0.100000 0.400000 0.268943
0.100000 0.500000 0.334000
0.200000 0.000000 0.114000
0.200000 0.100000 0.161271
0.200000 0.200000 0.205531
0.200000 0.300000 0.253850
0.200000 0.400000 0.307816
0.200000 0.500000 0.364000
0.300000 0.000000 0.164000
0.300000 0.100000 0.209998
0.300000 0.200000 0.253850
0.300000 0.300000 0.302168
0.300000 0.400000 0.356543
0.300000 0.500000 0.414000
0.400000 0.000000 0.234000
0.400000 0.100000 0.268943
0.400000 0.200000 0.307816
0.400000 0.300000 0.356543
0.400000 0.400000 0.416261
0.400000 0.500000 0.484000
0.500000 0.000000 0.324000
0.500000 0.100000 0.334000
0.500000 0.200000 0.364000
0.500000 0.300000 0.414000
0.500000 0.400000 0.484000
0.500000 0.500000 0.574000

# 0.075000 time
0.000000 0.000000 0.075000
0.000000 0.100000 0.085000
0.000000 0.200000 0.115000
0.000000 0.300000 0.165000
0.000000 0.400000 0.235000
0.000000 0.500000 0.325000
0.100000 0.000000 0.085000
0.100000 0.100000 0.122629
0.100000 0.200000 0.162278
0.100000 0.300000 0.211005
0.100000 0.400000 0.269947
0.100000 0.500000 0.335000
0.200000 0.000000 0.115000
0.200000 0.100000 0.162278
0.200000 0.200000 0.206543
0.200000 0.300000 0.254861
0.200000 0.400000 0.308823
0.200000 0.500000 0.365000
0.300000 0.000000 0.165000
0.300000 0.100000 0.211005
0.300000 0.200000 0.254861
0.300000 0.300000 0.303179
0.300000 0.400000 0.357551
0.300000 0.500000 0.415000
0.400000 0.000000 0.235000
0.400000 0.100000 0.269947
0.400000 0.200000 0.308823
0.400000 0.300000 0.357551
0.400000 0.400000 0.417265
0.400000 0.500000 0.485000
0.500000 0.000000 0.325000
0.500000 0.100000 0.335000
0.500000 0.200000 0.365000
0.500000 0.300000 0.415000
0.500000 0.400000 0.485000
0.500000 0.500000 0.575000

# 0.076000 time
0.000000 0.000000 0.076000
0.000000 0.100000 0.086000
0.000000 0.200000 0.116000
0.000000 0.300000 0.166000
0.000000 0.400000 0.236000
0.000000 0.500000 0.326000
0.100000 0.000000 0.086000
0.100000 0.100000 0.123633
0.100000 0.200000 0.163284
0.100000 0.300000 0.212012
0.100000 0.400000 0.270951
0.100000 0.500000 0.336000
0.200000 0.000000 0.116000
0.200000 0.100000 0.163284
0.200000 0.200000 0.207554
0.200000 0.300000 0.255872
0.200000 0.400000 0.309830
0.200000 0.500000 0.366000
0.300000 0.000000 0.166000
0.300000 0.100000 0.212012
0.300000 0.200000 0.255872
0.300000 0.300000 0.304190
0.300000 0.400000 0.358557
0.300000 0.500000 0.416000
0.400000 0.000000 0.236000
0.400000 0.100000 0.270951
0.400000 0.200000 0.309830
0.400000 0.300000 0.358557
0.400000 0.400000 0.418269
0.400000 0.500000 0.486000
0.500000 0.000000 0.326000
0.500000 0.100000 0.336000
0.500000 0.200000 0.366000
0.500000 0.300000 0.416000
0.500000 0.400000 0.486000
0.500000 0.500000 0.576000

# 0.077000 time
0.000000 0.000000 0.077000
0.000000 0.100000 0.087000
0.000000 0.200000 0.117000
0.000000 0.300000 0.167000
0.000000 0.400000 0.237000
0.000000 0.500000 0.327000
0.100000 0.000000 0.087000
0.100000 0.100000 0.124637
0.100000 0.200000 0.164290
0.100000 0.300000 0.213018
0.100000 0.400000 0.271955
0.100000 0.500000 0.337000
0.200000 0.000000 0.117000
0.200000 0.100000 0.164290
0.200000 0.200000 0.208563
0.200000 0.300000 0.256882
0.200000 0.400000 0.310836
0.200000 0.500000 0.367000
0.300000 0.000000 0.167000
0.300000 0.100000 0.213018
0.300000 0.200000 0.256882
0.300000 0.300000 0.305200
0.300000 0.400000 0.359563
0.300000 0.500000 0.417000
0.400000 0.000000 0.237000
0.400000 0.100000 0.271955
0.400000 0.200000 0.310836
0.400000 0.300000 0.359563
0.400000 0.400000 0.419273
0.400000 0.500000 0.487000
0.500000 0.000000 0.327000
0.500000 0.100000 0.337000
0.500000 0.200000 0.367000
0.500000 0.300000 0.417000
0.500000 0.400000 0.487000
0.500000 0.500000 0.577000

# 0.078000 time
0.000000 0.000000 0.078000
0.000000 0.100000 0.088000
0.000000 0.200000 0.118000
0.000000 0.300000 0.168000
0.000000 0.400000 0.238000
0.000000 0.500000 0.328000
0.100000 0.000000 0.088000
0.100000 0.100000 0.125640
0.100000 0.200000 0.165296
0.100000 0.300000 0.214023
0.100000 0.400000 0.272958
0.100000 0.500000 0.338000
0.200000 0.000000 0.118000
0.200000 0.100000 0.165296
0.200000 0.200000 0.209572
0.200000 0.300000 0.257891
0.200000 0.400000 0.311841
0.200000 0.500000 0.368000
0.300000 0.000000 0.168000
0.300000 0.100000 0.214023
0.300000 0.200000 0.257891
0.300000 0.300000 0.306209
0.300000 0.400000 0.360569
0.300000 0.500000 0.418000
0.400000 0.000000 0.238000
0.400000 0.100000 0.272958
0.400000 0.200000 0.311841
0.400000 0.300000 0.360569
0.400000 0.400000 0.420276
0.400000 0.500000 0.488000
0.500000 0.000000 0.328000
0.500000 0.100000 0.338000
0.500000 0.200000 0.368000
0.500000 0.300000 0.418000
0.500000 0.400000 0.488000
0.500000 0.500000 0.578000

# 0.079000 time
0.000000 0.000000 0.079000
0.000000 0.100000 0.089000
0.000000 0.200000 0.119000
0.000000 0.300000 0.169000
0.000000 0.400000 0.239000
0.000000 0.500000 0.329000
0.100000 0.000000 0.089000
0.100000 0.100000 0.126643
0.100000 0.200000 0.166301
0.100000 0.300000 0.215028
0.100000 0.400000 0.273961
0.100000 0.500000 0.339000
0.200000 0.000000 0.119000
0.200000 0.100000 0.166301
0.200000 0.200000 0.210581
0.200000 0.300000 0.258899
0.200000 0.400000 0.312847
0.200000 0.500000 0.369000
0.300000 0.000000 0.169000
0.300000 0.100000 0.215028
0.300000 0.200000 0.258899
0.300000 0.300000 0.307217
0.300000 0.400000 0.361574
0.300000 0.500000 0.419000
0.400000 0.000000 0.239000
0.400000 0.100000 0.273961
0.400000 0.200000 0.312847
0.400000 0.300000 0.361574
0.400000 0.400000 0.421280
0.400000 0.500000 0.489000
0.500000 0.000000 0.329000
0.500000 0.100000 0.339000
0.500000 0.200000 0.369000
0.500000 0.300000 0.419000
0.500000 0.400000 0.489000
0.500000 0.500000 0.579000

# 0.080000 time
0.000000 0.000000 0.080000
0.000000 0.100000 0.090000
0.000000 0.200000 0.120000
0.000000 0.300000 0.170000
0.000000 0.400000 0.240000
0.000000 0.500000 0.330000
0.100000 0.000000 0.090000
0.100000 0.100000 0.127646
0.100000 0.200000 0.167306
0.100000 0.300000 0.216033
0.100000 0.400000 0.274964
0.100000 0.500000 0.340000
0.200000 0.000000 0.120000
0.200000 0.100000 0.167306
0.200000 0.200000 0.211588
0.200000 0.300000 0.259907
0.200000 0.400000 0.313851
0.200000 0.500000 0.370000
0.300000 0.000000 0.170000
0.300000 0.100000 0.216033
0.300000 0.200000 0.259907
0.300000 0.300000 0.308225
0.300000 0.400000 0.362579
0.300000 0.500000 0.420000
0.400000 0.000000 0.240000
0.400000 0.100000 0.274964
0.400000 0.200000 0.313851
0.400000 0.300000 0.362579
0.400000 0.400000 0.422283
0.400000 0.500000 0.490000
0.500000 0.000000 0.330000
0.500000 0.100000 0.340000
0.500000 0.200000 0.370000
0.500000 0.300000 0.420000
0.500000 0.400000 0.490000
0.500000 0.500000 0.580000

# 0.081000 time
0.000000 0.000000 0.081000
0.000000 0.100000 0.091000
0.000000 0.200000 0.121000
0.000000 0.300000 0.171000
0.000000 0.400000 0.241000
0.000000 0.500000 0.331000
0.100000 0.000000 0.091000
0.100000 0.100000 0.128649
0.100000 0.200000 0.168310
0.100000 0.300000 0.217038
0.100000 0.400000 0.275967
0.100000 0.500000 0.341000
0.200000 0.000000 0.121000
0.200000 0.100000 0.168310
0.200000 0.200000 0.212596
0.200000 0.300000 0.260914
0.200000 0.400000 0.314856
0.200000 0.500000 0.371000
0.300000 0.000000 0.171000
0.300000 0.100000 0.217038
0.300000 0.200000 0.260914
0.300000 0.300000 0.309232
0.300000 0.400000 0.363583
0.300000 0.500000 0.421000
0.400000 0.000000 0.241000
0.400000 0.100000 0.275967
0.400000 0.200000 0.314856
0.400000 0.300000 0.363583
0.400000 0.400000 0.423285
0.400000 0.500000 0.491000
0.500000 0.000000 0.331000
0.500000 0.100000 0.341000
0.500000 0.200000 0.371000
0.500000 0.300000 0.421000
0.500000 0.400000 0.491000
0.500000 0.500000 0.581000

# 0.082000 time
0.000000 0.000000 0.082000
0.000000 0.100000 0.092000
0.000000 0.200000 0.122000
0.000000 0.300000 0.172000
0.000000 0.400000 0.242000
0.000000 0.500000 0.332000
0.100000 0.000000 0.092000
0.100000 0.100000 0.129651
0.100000 0.200000 0.169314
0.100000 0.300000 0.218042
0.100000 0.400000 0.276970
0.100000 0.500000 0.342000
0.200000 0.000000 0.122000
0.200000 0.100000 0.169314
0.200000 0.200000 0.213602
0.200000 0.300000 0.261920
0.200000 0.400000 0.315860
0.200000 0.500000 0.372000
0.300000 0.000000 0.172000
0.300000 0.100000 0.218042
0.300000 0.200000 0.261920
0.300000 0.300000 0.310239
0.300000 0.400000 0.364587
0.300000 0.500000 0.422000
0.400000 0.000000 0.242000
0.400000 0.100000 0.276970
0.400000 0.200000 0.315860
0.400000 0.300000 0.364587
0.400000 0.400000 0.424288
0.400000 0.500000 0.492000
0.500000 0.000000 0.332000
0.500000 0.100000 0.342000
0.500000 0.200000 0.372000
0.500000 0.300000 0.422000
0.500000 0.400000 0.492000
0.500000 0.500000 0.582000

# 0.083000 time
0.000000 0.000000 0.083000
0.000000 0.100000 0.093000
0.000000 0.200000 0.123000
0.000000 0.300000 0.173000
0.000000 0.400000 0.243000
0.000000 0.500000 0.333000
0.100000 0.000000 0.093000
0.100000 0.100000 0.130654
0.100000 0.200000 0.170318
0.100000 0.300000 0.219045
0.100000 0.400000 0.277972
0.100000 0.500000 0.343000
0.200000 0.000000 0.123000
0.200000 0.100000 0.170318
0.200000 0.200000 0.214608
0.200000 0.300000 0.262926
0.200000 0.400000 0.316864
0.200000 0.500000 0.373000
0.300000 0.000000 0.173000
0.300000 0.100000 0.219045
0.300000 0.200000 0.262926
0.300000 0.300000 0.311245
0.300000 0.400000 0.365591
0.300000 0.500000 0.423000
0.400000 0.000000 0.243000
0.400000 0.100000 0.277972
0.400000 0.200000 0.316864
0.400000 0.300000 0.365591
0.400000 0.400000 0.425290
0.400000 0.500000 0.493000
0.500000 0.000000 0.333000
0.500000 0.100000 0.343000
0.500000 0.200000 0.373000
0.500000 0.300000 0.423000
0.500000 0.400000 0.493000
0.500000 0.500000 0.583000

# 0.084000 time
0.000000 0.000000 0.084000
0.000000 0.100000 0.094000
0.000000 0.200000 0.124000
0.000000 0.300000 0.174000
0.000000 0.400000 0.244000
0.000000 0.500000 0.334000
0.100000 0.000000 0.094000
0.100000 0.100000 0.131656
0.100000 0.200000 0.171322
0.100000 0.300000 0.220049
0.100000 0.400000 0.278974
0.100000 0.500000 0.344000
0.200000 0.000000 0.124000
0.200000 0.100000 0.171322
0.200000 0.200000 0.215614
0.200000 0.300000 0.263932
0.200000 0.400000 0.317867
0.200000 0.500000 0.374000
0.300000 0.000000 0.174000
0.300000 0.100000 0.220049
0.300000 0.200000 0.263932
0.300000 0.300000 0.312250
0.300000 0.400000 0.366594
0.300000 0.500000 0.424000
0.400000 0.000000 0.244000
0.400000 0.100000 0.278974
0.400000 0.200000 0.317867
0.400000 0.300000 0.366594
0.400000 0.400000 0.426292
0.400000 0.500000 0.494000
0.500000 0.000000 0.334000
0.500000 0.100000 0.344000
0.500000 0.200000 0.374000
0.500000 0.300000 0.424000
0.500000 0.400000 0.494000
0.500000 0.500000 0.584000

# 0.085000 time
0.000000 0.000000 0.085000
0.000000 0.100000 0.095000
0.000000 0.200000 0.125000
0.000000 0.300000 0.175000
0.000000 0.400000 0.245000
0.000000 0.500000 0.335000
0.100000 0.000000 0.095000
0.100000 0.100000 0.132658
0.100000 0.200000 0.172325
0.100000 0.300000 0.221052
0.100000 0.400000 0.279976
0.100000 0.500000 0.345000
0.200000 0.000000 0.125000
0.200000 0.100000 0.172325
0.200000 0.200000 0.216619
0.200000 0.300000 0.264937
0.200000 0.400000 0.318870
0.200000 0.500000 0.375000
0.300000 0.000000 0.175000
0.300000 0.100000 0.221052
0.300000 0.200000 0.264937
0.300000 0.300000 0.313255
0.300000 0.400000 0.367598
0.300000 0.500000 0.425000
0.400000 0.000000 0.245000
0.400000 0.100000 0.279976
0.400000 0.200000 0.318870
0.400000 0.300000 0.367598
0.400000 0.400000 0.427294
0.400000 0.500000 0.495000
0.500000 0.000000 0.335000
0.500000 0.100000 0.345000
0.500000 0.200000 0.375000
0.500000 0.300000 0.425000
0.500000 0.400000 0.495000
0.500000 0.500000 0.585000

# 0.086000 time
0.000000 0.000000 0.086000
0.000000 0.100000 0.096000
0.000000 0.200000 0.126000
0.000000 0.300000 0.176000
0.000000 0.400000 0.246000
0.000000 0.500000 0.336000
0.100000 0.000000 0.096000
0.100000 0.100000 0.133660
0.100000 0.200000 0.173328
0.100000 0.300000 0.222055
0.100000 0.400000 0.280978
0.100000 0.500000 0.346000
0.200000 0.000000 0.126000
0.200000 0.100000 0.173328
0.200000 0.200000 0.217624
0.200000 0.300000 0.265942
0.200000 0.400000 0.319873
0.200000 0.500000 0.376000
0.300000 0.000000 0.176000
0.300000 0.100000 0.222055
0.300000 0.200000 0.265942
0.300000 0.300000 0.314260
0.300000 0.400000 0.368601
0.300000 0.500000 0.426000
0.400000 0.000000 0.246000
0.400000 0.100000 0.280978
0.400000 0.200000 0.319873
0.400000 0.300000 0.368601
0.400000 0.400000 0.428296
0.400000 0.500000 0.496000
0.500000 0.000000 0.336000
0.500000 0.100000 0.346000
0.500000 0.200000 0.376000
0.500000 0.300000 0.426000
0.500000 0.400000 0.496000
0.500000 0.500000 0.586000

# 0.087000 time
0.000000 0.000000 0.087000
0.000000 0.100000 0.097000
0.000000 0.200000 0.127000
0.000000 0.300000 0.177000
0.000000 0.400000 0.247000
0.000000 0.500000 0.337000
0.100000 0.000000 0.097000
0.100000 0.100000 0.134661
0.100000 0.200000 0.174331
0.100000 0.300000 0.223058
0.100000 0.400000 0.281980
0.100000 0.500000 0.347000
0.200000 0.000000 0.127000
0.200000 0.100000 0.174331
0.200000 0.200000 0.218628
0.200000 0.300000 0.266946
0.200000 0.400000 0.320876
0.200000 0.500000 0.377000
0.300000 0.000000 0.177000
0.300000 0.100000 0.223058
0.300000 0.200000 0.266946
0.300000 0.300000 0.315265
0.300000 0.400000 0.369603
0.300000 0.500000 0.427000
0.400000 0.000000 0.247000
0.400000 0.100000 0.281980
0.400000 0.200000 0.320876
0.400000 0.300000 0.369603
0.400000 0.400000 0.429298
0.400000 0.500000 0.497000
0.500000 0.000000 0.337000
0.500000 0.100000 0.347000
0.500000 0.200000 0.377000
0.500000 0.300000 0.427000
0.500000 0.400000 0.497000
0.500000 0.500000 0.587000

# 0.088000 time
0.000000 0.000000 0.088000
0.000000 0.100000 0.098000
0.000000 0.200000 0.128000
0.000000 0.300000 0.178000
0.000000 0.400000 0.248000
0.000000 0.500000 0.338000
0.100000 0.000000 0.098000
0.100000 0.100000 0.135663
0.100000 0.200000 0.175333
0.100000 0.300000 0.224060
0.100000 0.400000 0.282981
0.100000 0.500000 0.348000
0.200000 0.000000 0.128000
0.200000 0.100000 0.175333
0.200000 0.200000 0.219632
0.200000 0.300000 0.267951
0.200000 0.400000 0.321879
0.200000 0.500000 0.378000
0.300000 0.000000 0.178000
0.300000 0.100000 0.224060
0.300000 0.200000 0.267951
0.300000 0.300000 0.316269
0.300000 0.400000 0.370606
0.300000 0.500000 0.428000
0.400000 0.000000 0.248000
0.400000 0.100000 0.282981
0.400000 0.200000 0.321879
0.400000 0.300000 0.370606
0.400000 0.400000 0.430299
0.400000 0.500000 0.498000
0.500000 0.000000 0.338000
0.500000 0.100000 0.348000
0.500000 0.200000 0.378000
0.500000 0.300000 0.428000
0.500000 0.400000 0.498000
0.500000 0.500000 0.588000

# 0.089000 time
0.000000 0.000000 0.089000
0.000000 0.100000 0.099000
0.000000 0.200000 0.129000
0.000000 0.300000 0.179000
0.000000 0.400000 0.249000
0.000000 0.500000 0.339000
0.100000 0.000000 0.099000
0.100000 0.100000 0.136664
0.100000 0.200000 0.176335
0.100000 0.300000 0.225063
0.100000 0.400000 0.283983
0.100000 0.500000 0.349000
0.200000 0.000000 0.129000
0.200000 0.100000 0.176335
0.200000 0.200000 0.220636
0.200000 0.300000 0.268954
0.200000 0.400000 0.322881
0.200000 0.500000 0.379000
0.300000 0.000000 0.179000
0.300000 0.100000 0.225063
0.300000 0.200000 0.268954
0.300000 0.300000 0.317273
0.300000 0.400000 0.371608
0.300000 0.500000 0.429000
0.400000 0.000000 0.249000
0.400000 0.100000 0.283983
0.400000 0.200000 0.322881
0.400000 0.300000 0.371608
0.400000 0.400000 0.431301
0.400000 0.500000 0.499000
0.500000 0.000000 0.339000
0.500000 0.100000 0.349000
0.500000 0.200000 0.379000
0.500000 0.300000 0.429000
0.500000 0.400000 0.499000
0.500000 0.500000 0.589000

# 0.090000 time
0.000000 0.000000 0.090000
0.000000 0.100000 0.100000
0.000000 0.200000 0.130000
0.000000 0.300000 0.180000
0.000000 0.400000 0.250000
0.000000 0.500000 0.340000
0.100000 0.000000 0.100000
0.100000 0.100000 0.137666
0.100000 0.200000 0.177338
0.100000 0.300000 0.226065
0.100000 0.400000 0.284984
0.100000 0.500000 0.350000
0.200000 0.000000 0.130000
0.200000 0.100000 0.177338
0.200000 0.200000 0.221640
0.200000 0.300000 0.269958
0.200000 0.400000 0.323883
0.200000 0.500000 0.380000
0.300000 0.000000 0.180000
0.300000 0.100000 0.226065
0.300000 0.200000 0.269958
0.300000 0.300000 0.318276
0.300000 0.400000 0.372610
0.300000 0.500000 0.430000
0.400000 0.000000 0.250000
0.400000 0.100000 0.284984
0.400000 0.200000 0.323883
0.400000 0.300000 0.372610
0.400000 0.400000 0.432302
0.400000 0.500000 0.500000
0.500000 0.000000 0.340000
0.500000 0.100000 0.350000
0.500000 0.200000 0.380000
0.500000 0.300000 0.430000
0.500000 0.400000 0.500000
0.500000 0.500000 0.590000

# 0.091000 time
0.000000 0.000000 0.091000
0.000000 0.100000 0.101000
0.000000 0.200000 0.131000
0.000000 0.300000 0.181000
0.000000 0.400000 0.251000
0.000000 0.500000 0.341000
0.100000 0.000000 0.101000
0.100000 0.100000 0.138667
0.100000 0.200000 0.178340
0.100000 0.300000 0.227067
0.100000 0.400000 0.285985
0.100000 0.500000 0.351000
0.200000 0.000000 0.131000
0.200000 0.100000 0.178340
0.200000 0.200000 0.222643
0.200000 0.300000 0.270961
0.200000 0.400000 0.324885
0.200000 0.500000 0.381000
0.300000 0.000000 0.181000
0.300000 0.100000 0.227067
0.300000 0.200000 0.270961
0.300000 0.300000 0.319279
0.300000 0.400000 0.373612
0.300000 0.500000 0.431000
0.400000 0.000000 0.251000
0.400000 0.100000 0.285985
0.400000 0.200000 0.324885
0.400000 0.300000 0.373612
0.400000 0.400000 0.433303
0.400000 0.500000 0.501000
0.500000 0.000000 0.341000
0.500000 0.100000 0.351000
0.500000 0.200000 0.381000
0.500000 0.300000 0.431000
0.500000 0.400000 0.501000
0.500000 0.500000 0.591000

# 0.092000 time
0.000000 0.000000 0.092000
0.000000 0.100000 0.102000
0.000000 0.200000 0.132000
0.000000 0.300000 0.182000
0.000000 0.400000 0.252000
0.000000 0.500000 0.342000
0.100000 0.000000 0.102000
0.100000 0.100000 0.139668
0.100000 0.200000 0.179341
0.100000 0.300000 0.228069
0.100000 0.400000 0.286986
0.100000 0.500000 0.352000
0.200000 0.000000 0.132000
0.200000 0.100000 0.179341
0.200000 0.200000 0.223646
0.200000 0.300000 0.271964
0.200000 0.400000 0.325887
0.200000 0.500000 0.382000
0.300000 0.000000 0.182000
0.300000 0.100000 0.228069
0.300000 0.200000 0.271964
0.300000 0.300000 0.320282
0.300000 0.400000 0.374614
0.300000 0.500000 0.432000
0.400000 0.000000 0.252000
0.400000 0.100000 0.286986
0.400000 0.200000 0.325887
0.400000 0.300000 0.374614
0.400000 0.400000 0.434304
0.400000 0.500000 0.502000
0.500000 0.000000 0.342000
0.500000 0.100000 0.352000
0.500000 0.200000 0.382000
0.500000 0.300000 0.432000
0.500000 0.400000 0.502000
0.500000 0.500000 0.592000

# 0.093000 time
0.000000 0.000000 0.093000
0.000000 0.100000 0.103000
0.000000 0.200000 0.133000
0.000000 0.300000 0.183000
0.000000 0.400000 0.253000
0.000000 0.500000 0.343000
0.100000 0.000000 0.103000
0.100000 0.100000 0.140669
0.100000 0.200000 0.180343
0.100000 0.300000 0.229070
0.100000 0.400000 0.287987
0.100000 0.500000 0.353000
0.200000 0.000000 0.133000
0.200000 0.100000 0.180343
0.200000 0.200000 0.224649
0.200000 0.300000 0.272967
0.200000 0.400000 0.326889
0.200000 0.500000 0.383000
0.300000 0.000000 0.183000
0.300000 0.100000 0.229070
0.300000 0.200000 0.272967
0.300000 0.300000 0.321285
0.300000 0.400000 0.375616
0.300000 0.500000 0.433000
0.400000 0.000000 0.253000
0.400000 0.100000 0.287987
0.400000 0.200000 0.326889
0.400000 0.300000 0.375616
0.400000 0.400000 0.435305
0.400000 0.500000 0.503000
0.500000 0.000000 0.343000
0.500000 0.100000 0.353000
0.500000 0.200000 0.383000
0.500000 0.300000 0.433000
0.500000 0.400000 0.503000
0.500000 0.500000 0.593000

# 0.094000 time
0.000000 0.000000 0.094000
0.000000 0.100000 0.104000
0.000000 0.200000 0.134000
0.000000 0.300000 0.184000
0.000000 0.400000 0.254000
0.000000 0.500000 0.344000
0.100000 0.000000 0.104000
0.100000 0.100000 0.141670
0.100000 0.200000 0.181345
0.100000 0.300000 0.230072
0.100000 0.400000 0.288988
0.100000 0.500000 0.354000
0.200000 0.000000 0.134000
0.200000 0.100000 0.181345
0.200000 0.200000 0.225651
0.200000 0.300000 0.273969
0.200000 0.400000 0.327890
0.200000 0.500000 0.384000
0.300000 0.000000 0.184000
0.300000 0.100000 0.230072
0.300000 0.200000 0.273969
0.300000 0.300000 0.322288
0.300000 0.400000 0.376617
0.300000 0.500000 0.434000
0.400000 0.000000 0.254000
0.400000 0.100000 0.288988
0.400000 0.200000 0.327890
0.400000 0.300000 0.376617
0.400000 0.400000 0.436306
0.400000 0.500000 0.504000
0.500000 0.000000 0.344000
0.500000 0.100000 0.354000
0.500000 0.200000 0.384000
0.500000 0.300000 0.434000
0.500000 0.400000 0.504000
0.500000 0.500000 0.594000

# 0.095000 time
0.000000 0.000000 0.095000
0.000000 0.100000 0.105000
0.000000 0.200000 0.135000
0.000000 0.300000 0.185000
0.000000 0.400000 0.255000
0.000000 0.500000 0.345000
0.100000 0.000000 0.105000
0.100000 0.100000 0.142671
0.100000 0.200000 0.182346
0.100000 0.300000 0.231073
0.100000 0.400000 0.289989
0.100000 0.500000 0.355000
0.200000 0.000000 0.135000
0.200000 0.100000 0.182346
0.200000 0.200000 0.226653
0.200000 0.300000 0.274972
0.200000 0.400000 0.328892
0.200000 0.500000 0.385000
0.300000 0.000000 0.185000
0.300000 0.100000 0.231073
0.300000 0.200000 0.274972
0.300000 0.300000 0.323290
0.300000 0.400000 0.377619
0.300000 0.500000 0.435000
0.400000 0.000000 0.255000
0.400000 0.100000 0.289989
0.400000 0.200000 0.328892
0.400000 0.300000 0.377619
0.400000 0.400000 0.437307
0.400000 0.500000 0.505000
0.500000 0.000000 0.345000
0.500000 0.100000 0.355000
0.500000 0.200000 0.385000
0.500000 0.300000 0.435000
0.500000 0.400000 0.505000
0.500000 0.500000 0.595000

# 0.096000 time
0.000000 0.000000 0.096000
0.000000 0.100000 0.106000
0.000000 0.200000 0.136000
0.000000 0.300000 0.186000
0.000000 0.400000 0.256000
0.000000 0.500000 0.346000
0.100000 0.000000 0.106000
0.100000 0.100000 0.143672
0.100000 0.200000 0.183347
0.100000 0.300000 0.232075
0.100000 0.400000 0.290990
0.100000 0.500000 0.356000
0.200000 0.000000 0.136000
0.200000 0.100000 0.183347
0.200000 0.200000 0.227656
0.200000 0.300000 0.275974
0.200000 0.400000 0.329893
0.200000 0.500000 0.386000
0.300000 0.000000 0.186000
0.300000 0.100000 0.232075
0.300000 0.200000 0.275974
0.300000 0.300000 0.324292
0.300000 0.400000 0.378620
0.300000 0.500000 0.436000
0.400000 0.000000 0.256000
0.400000 0.100000 0.290990
0.400000 0.200000 0.329893
0.400000 0.300000 0.378620
0.400000 0.400000 0.438308
0.400000 0.500000 0.506000
0.500000 0.000000 0.346000
0.500000 0.100000 0.356000
0.500000 0.200000 0.386000
0.500000 0.300000 0.436000
0.500000 0.400000 0.506000
0.500000 0.500000 0.596000

# 0.097000 time
0.000000 0.000000 0.097000
0.000000 0.100000 0.107000
0.000000 0.200000 0.137000
0.000000 0.300000 0.187000
0.000000 0.400000 0.257000
0.000000 0.500000 0.347000
0.100000 0.000000 0.107000
0.100000 0.100000 0.144673
0.100000 0.200000 0.184349
0.100000 0.300000 0.233076
0.100000 0.400000 0.291991
0.100000 0.500000 0.357000
0.200000 0.000000 0.137000
0.200000 0.100000 0.184349
0.200000 0.200000 0.228658
0.200000 0.300000 0.276976
0.200000 0.400000 0.330894
0.200000 0.500000 0.387000
0.300000 0.000000 0.187000
0.300000 0.100000 0.233076
0.300000 0.200000 0.276976
0.300000 0.300000 0.325294
0.300000 0.400000 0.379621
0.300000 0.500000 0.437000
0.400000 0.000000 0.257000
0.400000 0.100000 0.291991
0.400000 0.200000 0.330894
0.400000 0.300000 0.379621
0.400000 0.400000 0.439309
0.400000 0.500000 0.507000
0.500000 0.000000 0.347000
0.500000 0.100000 0.357000
0.500000 0.200000 0.387000
0.500000 0.300000 0.437000
0.500000 0.400000 0.507000
0.500000 0.500000 0.597000

# 0.098000 time
0.000000 0.000000 0.098000
0.000000 0.100000 0.108000
0.000000 0.200000 0.138000
0.000000 0.300000 0.188000
0.000000 0.400000 0.258000
0.000000 0.500000 0.348000
0.100000 0.000000 0.108000
0.100000 0.100000 0.145673
0.100000 0.200000 0.185350
0.100000 0.300000 0.234077
0.100000 0.400000 0.292991
0.100000 0.500000 0.358000
0.200000 0.000000 0.138000
0.200000 0.100000 0.185350
0.200000 0.200000 0.229659
0.200000 0.300000 0.277978
0.200000 0.400000 0.331895
0.200000 0.500000 0.388000
0.300000 0.000000 0.188000
0.300000 0.100000 0.234077
0.300000 0.200000 0.277978
0.300000 0.300000 0.326296
0.300000 0.400000 0.380623
0.300000 0.500000 0.438000
0.400000 0.000000 0.258000
0.400000 0.100000 0.292991
0.400000 0.200000 0.331895
0.400000 0.300000 0.380623
0.400000 0.400000 0.440310
0.400000 0.500000 0.508000
0.500000 0.000000 0.348000
0.500000 0.100000 0.358000
0.500000 0.200000 0.388000
0.500000 0.300000 0.438000
0.500000 0.400000 0.508000
0.500000 0.500000 0.598000

# 0.099000 time
0.000000 0.000000 0.099000
0.000000 0.100000 0.109000
0.000000 0.200000 0.139000
0.000000 0.300000 0.189000
0.000000 0.400000 0.259000
0.000000 0.500000 0.349000
0.100000 0.000000 0.109000
0.100000 0.100000 0.146674
0.100000 0.200000 0.186351
0.100000 0.300000 0.235078
0.100000 0.400000 0.293992
0.100000 0.500000 0.359000
0.200000 0.000000 0.139000
0.200000 0.100000 0.186351
0.200000 0.200000 0.230661
0.200000 0.300000 0.278979
0.200000 0.400000 0.332896
0.200000 0.500000 0.389000
0.300000 0.000000 0.189000
0.300000 0.100000 0.235078
0.300000 0.200000 0.278979
0.300000 0.300000 0.327298
0.300000 0.400000 0.381624
0.300000 0.500000 0.439000
0.400000 0.000000 0.259000
0.400000 0.100000 0.293992
0.400000 0.200000 0.332896
0.400000 0.300000 0.381624
0.400000 0.400000 0.441310
0.400000 0.500000 0.509000
0.500000 0.000000 0.349000
0.500000 0.100000 0.359000
0.500000 0.200000 0.389000
0.500000 0.300000 0.439000
0.500000 0.400000 0.509000
0.500000 0.500000 0.599000

# 0.100000 time
0.000000 0.000000 0.100000
0.000000 0.100000 0.110000
0.000000 0.200000 0.140000
0.000000 0.300000 0.190000
0.000000 0.400000 0.260000
0.000000 0.500000 0.350000
0.100000 0.000000 0.110000
0.100000 0.100000 0.147675
0.100000 0.200000 0.187352
0.100000 0.300000 0.236079
0.100000 0.400000 0.294993
0.100000 0.500000 0.360000
0.200000 0.000000 0.140000
0.200000 0.100000 0.187352
0.200000 0.200000 0.231663
0.200000 0.300000 0.279981
0.200000 0.400000 0.333897
0.200000 0.500000 0.390000
0.300000 0.000000 0.190000
0.300000 0.100000 0.236079
0.300000 0.200000 0.279981
0.300000 0.300000 0.328299
0.300000 0.400000 0.382625
0.300000 0.500000 0.440000
0.400000 0.000000 0.260000
0.400000 0.100000 0.294993
0.400000 0.200000 0.333897
0.400000 0.300000 0.382625
0.400000 0.400000 0.442311
0.400000 0.500000 0.510000
0.500000 0.000000 0.350000
0.500000 0.100000 0.360000
0.500000 0.200000 0.390000
0.500000 0.300000 0.440000
0.500000 0.400000 0.510000
0.500000 0.500000 0.600000

0.000000 0.000000 0.000000
0.000000 0.100000 0.000000
0.000000 0.200000 0.000000
0.000000 0.300000 0.000000
0.000000 0.400000 0.000000
0.000000 0.500000 0.000000
0.100000 0.000000 0.000000
0.100000 0.100000 0.027675
0.100000 0.200000 0.037352
0.100000 0.300000 0.036079
0.100000 0.400000 0.024993
0.100000 0.500000 0.000000
0.200000 0.000000 0.000000
0.200000 0.100000 0.037352
0.200000 0.200000 0.051663
0.200000 0.300000 0.049981
0.200000 0.400000 0.033897
0.200000 0.500000 0.000000
0.300000 0.000000 0.000000
0.300000 0.100000 0.036079
0.300000 0.200000 0.049981
0.300000 0.300000 0.048299
0.300000 0.400000 0.032625
0.300000 0.500000 0.000000
0.400000 0.000000 0.000000
0.400000 0.100000 0.024993
0.400000 0.200000 0.033897
0.400000 0.300000 0.032625
0.400000 0.400000 0.022311
0.400000 0.500000 0.000000
0.500000 0.000000 0.000000
0.500000 0.100000 0.000000
0.500000 0.200000 0.000000
0.500000 0.300000 0.000000
0.500000 0.400000 0.000000
0.500000 0.500000 0.000000
