0.0 0.000000
0.01 0.000209
0.02 0.000450
0.03 0.000752
0.04 0.001160
0.05 0.001712
0.06 0.002462
0.07 0.003502
0.08 0.004922
0.09 0.006871
0.1 0.009489
0.11 0.012996
0.12 0.017594
0.13 0.023529
0.14 0.031303
0.15 0.041917
0.16 0.055885
0.17 0.073829
0.18 0.096906
0.19 0.126546
0.2 0.163701
0.21 0.210357
0.22 0.269145
0.23 0.340807
0.24 0.428965
0.25 0.535384
0.26 0.661813
0.27 0.811321
0.28 0.987049
0.29 1.193475
0.3 1.439912
0.31 1.745871
0.32 1.997428
0.33 2.213467
0.34 2.402590
0.35 2.568753
0.36 2.714021
0.37 2.839867
0.38 2.947723
0.39 3.039171
0.4 3.115890
0.41 3.179596
0.42 3.232010
0.43 3.274606
0.44 3.308662
0.45 3.335498
0.46 3.356096
0.47 3.371300
0.48 3.381675
0.49 3.387689
0.5 3.389596
0.51 3.387460
0.52 3.381287
0.53 3.370827
0.54 3.355471
0.55 3.334677
0.56 3.307887
0.57 3.274239
0.58 3.232077
0.59 3.179338
0.6 3.115258
0.61 3.037956
0.62 2.946335
0.63 2.838401
0.64 2.712269
0.65 2.566777
0.66 2.400563
0.67 2.211462
0.68 1.995511
0.69 1.744122
0.7 1.438360
0.71 1.192150
0.72 0.986118
0.73 0.810897
0.74 0.661626
0.75 0.535249
0.76 0.429313
0.77 0.341510
0.78 0.269562
0.79 0.211245
0.8 0.164449
0.81 0.127242
0.82 0.097904
0.83 0.074945
0.84 0.057100
0.85 0.043316
0.86 0.032729
0.87 0.024638
0.88 0.018483
0.89 0.013819
0.9 0.010299
0.91 0.007649
0.92 0.005658
0.93 0.004165
0.94 0.003043
0.95 0.002197
0.96 0.001553
0.97 0.001053
0.98 0.000651
0.99 0.000311
1.0 0.000000
