0.000000 0.0
0.010000 0.176818
0.020000 0.354408
0.030000 0.533599
0.040000 0.714937
0.050000 0.899383
0.060000 1.087623
0.070000 1.28043
0.080000 1.478874
0.090000 1.682976
0.100000 1.894928
0.110000 2.114121
0.120000 2.342511
0.130000 2.580372
0.140000 2.829228
0.150000 3.089302
0.160000 3.362788
0.170000 3.648949
0.180000 3.951597
0.190000 4.268504
0.200000 4.604586
0.210000 4.958957
0.220000 5.331815
0.230000 5.729807
0.240000 6.148744
0.250000 6.592457
0.260000 7.065728
0.270000 7.56676
0.280000 8.098298
0.290000 8.663761
0.300000 9.265831
0.310000 9.903324
0.320000 10.50478
0.330000 11.068979
0.340000 11.598241
0.350000 12.093192
0.360000 12.554201
0.370000 12.98178
0.380000 13.377003
0.390000 13.738677
0.400000 14.068721
0.410000 14.366734
0.420000 14.632674
0.430000 14.865538
0.440000 15.069753
0.450000 15.239588
0.460000 15.379612
0.470000 15.487757
0.480000 15.564978
0.490000 15.610971
0.500000 15.62592
0.510000 15.609638
0.520000 15.562314
0.530000 15.483779
0.540000 15.374004
0.550000 15.232995
0.560000 15.060849
0.570000 14.857128
0.580000 14.62149
0.590000 14.354934
0.600000 14.055793
0.610000 13.725528
0.620000 13.362006
0.630000 12.965974
0.640000 12.537939
0.650000 12.076622
0.660000 11.581343
0.670000 11.051962
0.680000 10.487706
0.690000 9.886396
0.700000 9.249243
0.710000 8.647882
0.720000 8.082989
0.730000 7.551458
0.740000 7.05109
0.750000 6.579876
0.760000 6.135819
0.770000 5.716998
0.780000 5.321618
0.790000 4.948008
0.800000 4.594616
0.810000 4.25999
0.820000 3.942763
0.830000 3.641655
0.840000 3.355458
0.850000 3.083025
0.860000 2.823271
0.870000 2.575159
0.880000 2.337699
0.890000 2.109938
0.900000 1.890962
0.910000 1.679883
0.920000 1.475842
0.930000 1.278002
0.940000 1.085548
0.950000 0.89768
0.960000 0.713613
0.970000 0.532573
0.980000 0.353795
0.990000 0.176522
1.000000 0.0
