0.000000 0.0
0.010000 0.078356
0.020000 0.156524
0.030000 0.235376
0.040000 0.314782
0.050000 0.394924
0.060000 0.476082
0.070000 0.558304
0.080000 0.641958
0.090000 0.727009
0.100000 0.813689
0.110000 0.902174
0.120000 0.992755
0.130000 1.085652
0.140000 1.179156
0.150000 1.277035
0.160000 1.376235
0.170000 1.477471
0.180000 1.581386
0.190000 1.688068
0.200000 1.796747
0.210000 1.907744
0.220000 2.021071
0.230000 2.136497
0.240000 2.253954
0.250000 2.373097
0.260000 2.49385
0.270000 2.615738
0.280000 2.738702
0.290000 2.86235
0.300000 2.986183
0.310000 3.109581
0.320000 3.232247
0.330000 3.353136
0.340000 3.472993
0.350000 3.590117
0.360000 3.705125
0.370000 3.814462
0.380000 3.918782
0.390000 4.020015
0.400000 4.115023
0.410000 4.202917
0.420000 4.283443
0.430000 4.356113
0.440000 4.420379
0.450000 4.475994
0.460000 4.521839
0.470000 4.557544
0.480000 4.584299
0.490000 4.598446
0.500000 4.604586
0.510000 4.599536
0.520000 4.58252
0.530000 4.55638
0.540000 4.520712
0.550000 4.474243
0.560000 4.418069
0.570000 4.353554
0.580000 4.280789
0.590000 4.199824
0.600000 4.111427
0.610000 4.016571
0.620000 3.915999
0.630000 3.810308
0.640000 3.700123
0.650000 3.586116
0.660000 3.468973
0.670000 3.349375
0.680000 3.227959
0.690000 3.105306
0.700000 2.981929
0.710000 2.858302
0.720000 2.73487
0.730000 2.61205
0.740000 2.490212
0.750000 2.369671
0.760000 2.250692
0.770000 2.133498
0.780000 2.018273
0.790000 1.905169
0.800000 1.794301
0.810000 1.685752
0.820000 1.579571
0.830000 1.47578
0.840000 1.374375
0.850000 1.275328
0.860000 1.178588
0.870000 1.084085
0.880000 0.991726
0.890000 0.901406
0.900000 0.813003
0.910000 0.726383
0.920000 0.641399
0.930000 0.557894
0.940000 0.475701
0.950000 0.394648
0.960000 0.314554
0.970000 0.235233
0.980000 0.156496
0.990000 0.078149
1.000000 0.0
