0.000000 0.0
0.010000 0.00578
0.020000 0.011628
0.030000 0.01769
0.040000 0.024058
0.050000 0.030844
0.060000 0.038151
0.070000 0.046076
0.080000 0.054743
0.090000 0.064258
0.100000 0.074744
0.110000 0.086322
0.120000 0.099085
0.130000 0.113056
0.140000 0.128049
0.150000 0.145298
0.160000 0.164068
0.170000 0.184274
0.180000 0.206327
0.190000 0.230384
0.200000 0.256399
0.210000 0.284452
0.220000 0.314659
0.230000 0.347065
0.240000 0.381646
0.250000 0.418391
0.260000 0.457262
0.270000 0.498137
0.280000 0.540966
0.290000 0.585554
0.300000 0.631661
0.310000 0.679097
0.320000 0.727652
0.330000 0.777322
0.340000 0.828311
0.350000 0.879852
0.360000 0.930843
0.370000 0.979336
0.380000 1.026639
0.390000 1.073939
0.400000 1.119555
0.410000 1.162209
0.420000 1.201669
0.430000 1.237726
0.440000 1.270004
0.450000 1.298096
0.460000 1.32145
0.470000 1.339812
0.480000 1.353218
0.490000 1.360613
0.500000 1.363896
0.510000 1.361636
0.520000 1.352957
0.530000 1.339497
0.540000 1.321548
0.550000 1.298236
0.560000 1.269955
0.570000 1.237749
0.580000 1.201937
0.590000 1.162503
0.600000 1.119841
0.610000 1.07467
0.620000 1.027629
0.630000 0.979153
0.640000 0.929594
0.650000 0.879347
0.660000 0.828857
0.670000 0.77857
0.680000 0.728877
0.690000 0.680106
0.700000 0.632526
0.710000 0.586373
0.720000 0.541853
0.730000 0.499145
0.740000 0.458389
0.750000 0.419685
0.760000 0.383095
0.770000 0.348652
0.780000 0.316359
0.790000 0.286202
0.800000 0.258145
0.810000 0.232137
0.820000 0.208112
0.830000 0.18599
0.840000 0.165683
0.850000 0.147092
0.860000 0.130115
0.870000 0.114644
0.880000 0.100567
0.890000 0.087772
0.900000 0.076147
0.910000 0.065577
0.920000 0.055953
0.930000 0.047162
0.940000 0.039096
0.950000 0.031647
0.960000 0.024709
0.970000 0.018177
0.980000 0.01195
0.990000 0.005924
1.000000 0.0
