0.000000 0.0
0.010000 0.025887
0.020000 0.05233
0.030000 0.079865
0.040000 0.108956
0.050000 0.140218
0.060000 0.174267
0.070000 0.211614
0.080000 0.253041
0.090000 0.299017
0.100000 0.350549
0.110000 0.408066
0.120000 0.472579
0.130000 0.545064
0.140000 0.626665
0.150000 0.717716
0.160000 0.819853
0.170000 0.93419
0.180000 1.062255
0.190000 1.204447
0.200000 1.363896
0.210000 1.541362
0.220000 1.737174
0.230000 1.956833
0.240000 2.198538
0.250000 2.465756
0.260000 2.762285
0.270000 3.088682
0.280000 3.447976
0.290000 3.844836
0.300000 4.281865
0.310000 4.750184
0.320000 5.194313
0.330000 5.605353
0.340000 5.984966
0.350000 6.335535
0.360000 6.658693
0.370000 6.955559
0.380000 7.227061
0.390000 7.473653
0.400000 7.696391
0.410000 7.895764
0.420000 8.072067
0.430000 8.225946
0.440000 8.359139
0.450000 8.470492
0.460000 8.561143
0.470000 8.631051
0.480000 8.680761
0.490000 8.710338
0.500000 8.719925
0.510000 8.709567
0.520000 8.679145
0.530000 8.628517
0.540000 8.557839
0.550000 8.466873
0.560000 8.354996
0.570000 8.221299
0.580000 8.065717
0.590000 7.889033
0.600000 7.689097
0.610000 7.466303
0.620000 7.218665
0.630000 6.94634
0.640000 6.649359
0.650000 6.326212
0.660000 5.975569
0.670000 5.596041
0.680000 5.185219
0.690000 4.741408
0.700000 4.273611
0.710000 3.837249
0.720000 3.44081
0.730000 3.08169
0.740000 2.756107
0.750000 2.460967
0.760000 2.193753
0.770000 1.952234
0.780000 1.734313
0.790000 1.537998
0.800000 1.361411
0.810000 1.202794
0.820000 1.06051
0.830000 0.933051
0.840000 0.81902
0.850000 0.717124
0.860000 0.626169
0.870000 0.545048
0.880000 0.472732
0.890000 0.408268
0.900000 0.350768
0.910000 0.299405
0.920000 0.25341
0.930000 0.21206
0.940000 0.17468
0.950000 0.14063
0.960000 0.109305
0.970000 0.080129
0.980000 0.052543
0.990000 0.02601
1.000000 0.0
