0.000000 0.0
0.010000 0.309073
0.020000 0.618772
0.030000 0.929846
0.040000 1.242706
0.050000 1.558352
0.060000 1.87698
0.070000 2.199764
0.080000 2.52724
0.090000 2.859464
0.100000 3.198698
0.110000 3.543705
0.120000 3.897057
0.130000 4.258297
0.140000 4.629063
0.150000 5.00946
0.160000 5.40177
0.170000 5.804526
0.180000 6.222296
0.190000 6.652007
0.200000 7.098783
0.210000 7.561338
0.220000 8.040809
0.230000 8.541676
0.240000 9.061804
0.250000 9.603985
0.260000 10.172325
0.270000 10.76547
0.280000 11.386762
0.290000 12.038724
0.300000 12.722894
0.310000 13.440854
0.320000 14.11793
0.330000 14.754831
0.340000 15.353103
0.350000 15.913287
0.360000 16.435776
0.370000 16.920783
0.380000 17.36978
0.390000 17.780965
0.400000 18.156548
0.410000 18.495571
0.420000 18.798903
0.430000 19.064624
0.440000 19.297372
0.450000 19.491017
0.460000 19.65132
0.470000 19.774845
0.480000 19.863035
0.490000 19.915558
0.500000 19.93263
0.510000 19.913971
0.520000 19.859837
0.530000 19.770141
0.540000 19.64479
0.550000 19.483751
0.560000 19.287051
0.570000 19.05461
0.580000 18.786146
0.590000 18.48199
0.600000 18.141426
0.610000 17.765301
0.620000 17.352247
0.630000 16.902693
0.640000 16.416796
0.650000 15.893775
0.660000 15.33318
0.670000 14.734676
0.680000 14.097596
0.690000 13.420687
0.700000 12.702915
0.710000 12.019188
0.720000 11.367919
0.730000 10.746891
0.740000 10.154099
0.750000 9.587536
0.760000 9.045287
0.770000 8.525554
0.780000 8.026665
0.790000 7.547063
0.800000 7.085305
0.810000 6.64005
0.820000 6.210045
0.830000 5.794126
0.840000 5.391196
0.850000 5.000226
0.860000 4.620245
0.870000 4.250331
0.880000 3.889607
0.890000 3.537236
0.900000 3.192415
0.910000 2.854371
0.920000 2.522359
0.930000 2.195655
0.940000 1.873556
0.950000 1.555373
0.960000 1.240435
0.970000 0.928079
0.980000 0.617651
0.990000 0.308505
1.000000 0.0
