0.000000 0.0
0.010000 0.19288
0.020000 0.384732
0.030000 0.577894
0.040000 0.771498
0.050000 0.96438
0.060000 1.158948
0.070000 1.353124
0.080000 1.54852
0.090000 1.744302
0.100000 1.940931
0.110000 2.13779
0.120000 2.336814
0.130000 2.534789
0.140000 2.734788
0.150000 2.936295
0.160000 3.135814
0.170000 3.339894
0.180000 3.540907
0.190000 3.745894
0.200000 3.948063
0.210000 4.153428
0.220000 4.356992
0.230000 4.561093
0.240000 4.765401
0.250000 4.967879
0.260000 5.170636
0.270000 5.371372
0.280000 5.570604
0.290000 5.767508
0.300000 5.962637
0.310000 6.152757
0.320000 6.341434
0.330000 6.523785
0.340000 6.702729
0.350000 6.874306
0.360000 7.040932
0.370000 7.200044
0.380000 7.350873
0.390000 7.493242
0.400000 7.626191
0.410000 7.74963
0.420000 7.861496
0.430000 7.961944
0.440000 8.050484
0.450000 8.1265
0.460000 8.18914
0.470000 8.237814
0.480000 8.273778
0.490000 8.29404
0.500000 8.301433
0.510000 8.293987
0.520000 8.271982
0.530000 8.236378
0.540000 8.186844
0.550000 8.123485
0.560000 8.047077
0.570000 7.958156
0.580000 7.85707
0.590000 7.744436
0.600000 7.621037
0.610000 7.48759
0.620000 7.344785
0.630000 7.193371
0.640000 7.034128
0.650000 6.867806
0.660000 6.695124
0.670000 6.516794
0.680000 6.333508
0.690000 6.14592
0.700000 5.954634
0.710000 5.760215
0.720000 5.563192
0.730000 5.364053
0.740000 5.163246
0.750000 4.961168
0.760000 4.758176
0.770000 4.554587
0.780000 4.350683
0.790000 4.146707
0.800000 3.94287
0.810000 3.739348
0.820000 3.536289
0.830000 3.333811
0.840000 3.132007
0.850000 2.930949
0.860000 2.730682
0.870000 2.531238
0.880000 2.332623
0.890000 2.134834
0.900000 1.937848
0.910000 1.741632
0.920000 1.546139
0.930000 1.351316
0.940000 1.157095
0.950000 0.963406
0.960000 0.770168
0.970000 0.577299
0.980000 0.384709
0.990000 0.192307
1.000000 0.0
