0.000000 0.0
0.010000 2e-06
0.020000 5e-06
0.030000 9e-06
0.040000 1.5e-05
0.050000 2.4e-05
0.060000 3.7e-05
0.070000 5.6e-05
0.080000 8.4e-05
0.090000 0.000123
0.100000 0.00018
0.110000 0.000262
0.120000 0.000377
0.130000 0.000541
0.140000 0.00077
0.150000 0.000965
0.160000 0.00123
0.170000 0.001626
0.180000 0.002158
0.190000 0.002845
0.200000 0.003728
0.210000 0.004838
0.220000 0.006207
0.230000 0.007876
0.240000 0.009899
0.250000 0.012328
0.260000 0.015213
0.270000 0.018604
0.280000 0.022527
0.290000 0.027001
0.300000 0.032025
0.310000 0.037564
0.320000 0.043561
0.330000 0.049909
0.340000 0.056536
0.350000 0.063648
0.360000 0.071711
0.370000 0.081179
0.380000 0.090993
0.390000 0.100291
0.400000 0.109244
0.410000 0.118053
0.420000 0.126529
0.430000 0.13441
0.440000 0.141547
0.450000 0.147853
0.460000 0.153253
0.470000 0.157645
0.480000 0.160937
0.490000 0.16318
0.500000 0.163701
0.510000 0.162924
0.520000 0.161283
0.530000 0.158291
0.540000 0.153872
0.550000 0.148527
0.560000 0.142392
0.570000 0.135321
0.580000 0.127444
0.590000 0.119091
0.600000 0.110476
0.610000 0.101668
0.620000 0.092751
0.630000 0.083887
0.640000 0.075262
0.650000 0.067023
0.660000 0.059253
0.670000 0.051999
0.680000 0.045294
0.690000 0.039163
0.700000 0.033624
0.710000 0.028676
0.720000 0.024298
0.730000 0.02046
0.740000 0.017121
0.750000 0.014239
0.760000 0.011771
0.770000 0.009675
0.780000 0.007909
0.790000 0.006433
0.800000 0.005207
0.810000 0.004196
0.820000 0.003367
0.830000 0.00269
0.840000 0.002141
0.850000 0.001697
0.860000 0.00134
0.870000 0.001054
0.880000 0.000826
0.890000 0.000645
0.900000 0.000502
0.910000 0.000389
0.920000 0.000299
0.930000 0.000229
0.940000 0.000174
0.950000 0.00013
0.960000 9.5e-05
0.970000 6.6e-05
0.980000 4.2e-05
0.990000 2e-05
1.000000 0.0
