0.000000 0.0
0.010000 0.373356
0.020000 0.747274
0.030000 1.122424
0.040000 1.499174
0.050000 1.878479
0.060000 2.260423
0.070000 2.646199
0.080000 3.03604
0.090000 3.430498
0.100000 3.830938
0.110000 4.236901
0.120000 4.65033
0.130000 5.070966
0.140000 5.500293
0.150000 5.938522
0.160000 6.387381
0.170000 6.846371
0.180000 7.318486
0.190000 7.802378
0.200000 8.301433
0.210000 8.815296
0.220000 9.345579
0.230000 9.894509
0.240000 10.462464
0.250000 11.051271
0.260000 11.663786
0.270000 12.300208
0.280000 12.96354
0.290000 13.655662
0.300000 14.3782
0.310000 15.133293
0.320000 15.845562
0.330000 16.516159
0.340000 17.146224
0.350000 17.73642
0.360000 18.287238
0.370000 18.798758
0.380000 19.272132
0.390000 19.706255
0.400000 20.102618
0.410000 20.460412
0.420000 20.78057
0.430000 21.061851
0.440000 21.306765
0.450000 21.512109
0.460000 21.681182
0.470000 21.811764
0.480000 21.904959
0.490000 21.960505
0.500000 21.978512
0.510000 21.958848
0.520000 21.901638
0.530000 21.806835
0.540000 21.674387
0.550000 21.504281
0.560000 21.296469
0.570000 21.050909
0.580000 20.767507
0.590000 20.446224
0.600000 20.086861
0.610000 19.689605
0.620000 19.253922
0.630000 18.779878
0.640000 18.267356
0.650000 17.715943
0.660000 17.125286
0.670000 16.494933
0.680000 15.82418
0.690000 15.112018
0.700000 14.357164
0.710000 13.634901
0.720000 12.943379
0.730000 12.280591
0.740000 11.644526
0.750000 11.033218
0.760000 10.4448
0.770000 9.877522
0.780000 9.329757
0.790000 8.799998
0.800000 8.286851
0.810000 7.789024
0.820000 7.305319
0.830000 6.834622
0.840000 6.375892
0.850000 5.928154
0.860000 5.490492
0.870000 5.062042
0.880000 4.641985
0.890000 4.229541
0.900000 3.823967
0.910000 3.42455
0.920000 3.030604
0.930000 2.641467
0.940000 2.256497
0.950000 1.875067
0.960000 1.496568
0.970000 1.120398
0.980000 0.745969
0.990000 0.372696
1.000000 0.0
