0.000000 0.0
0.010000 0.155126
0.020000 0.309424
0.030000 0.464872
0.040000 0.620666
0.050000 0.776533
0.060000 0.933458
0.070000 1.090806
0.080000 1.249355
0.090000 1.40866
0.100000 1.569066
0.110000 1.730471
0.120000 1.893384
0.130000 2.057566
0.140000 2.222119
0.150000 2.389882
0.160000 2.556861
0.170000 2.726651
0.180000 2.896779
0.190000 3.069169
0.200000 3.241397
0.210000 3.415605
0.220000 3.590231
0.230000 3.765528
0.240000 3.941632
0.250000 4.117361
0.260000 4.293534
0.270000 4.468913
0.280000 4.643593
0.290000 4.817018
0.300000 4.989079
0.310000 5.158025
0.320000 5.32554
0.330000 5.488387
0.340000 5.648334
0.350000 5.802256
0.360000 5.952792
0.370000 6.096108
0.380000 6.231922
0.390000 6.36148
0.400000 6.482267
0.410000 6.594387
0.420000 6.696403
0.430000 6.78805
0.440000 6.868822
0.450000 6.938472
0.460000 6.995799
0.470000 7.040214
0.480000 7.073646
0.490000 7.091513
0.500000 7.098783
0.510000 7.092118
0.520000 7.071436
0.530000 7.038943
0.540000 6.993904
0.550000 6.935748
0.560000 6.865669
0.570000 6.784548
0.580000 6.692449
0.590000 6.589784
0.600000 6.477444
0.610000 6.356255
0.620000 6.22687
0.630000 6.089971
0.640000 5.946313
0.650000 5.796641
0.660000 5.641661
0.670000 5.48207
0.680000 5.318549
0.690000 5.151737
0.700000 4.98221
0.710000 4.810502
0.720000 4.637117
0.730000 4.462527
0.740000 4.287159
0.750000 4.111388
0.760000 3.935541
0.770000 3.759907
0.780000 3.584736
0.790000 3.410247
0.800000 3.236621
0.810000 3.064004
0.820000 2.892513
0.830000 2.722235
0.840000 2.553232
0.850000 2.385543
0.860000 2.219181
0.870000 2.054144
0.880000 1.890405
0.890000 1.727926
0.900000 1.566649
0.910000 1.406507
0.920000 1.247417
0.930000 1.089289
0.940000 0.932021
0.950000 0.775506
0.960000 0.619626
0.970000 0.464263
0.980000 0.30929
0.990000 0.154579
1.000000 0.0
