0.0 0.000000
0.01 0.309073
0.02 0.618772
0.03 0.929846
0.04 1.242706
0.05 1.558352
0.06 1.876980
0.07 2.199764
0.08 2.527240
0.09 2.859464
0.1 3.198698
0.11 3.543705
0.12 3.897057
0.13 4.258297
0.14 4.629063
0.15 5.009460
0.16 5.401770
0.17 5.804526
0.18 6.222296
0.19 6.652007
0.2 7.098783
0.21 7.561338
0.22 8.040809
0.23 8.541676
0.24 9.061804
0.25 9.603985
0.26 10.172325
0.27 10.765470
0.28 11.386762
0.29 12.038724
0.3 12.722894
0.31 13.440854
0.32 14.117930
0.33 14.754831
0.34 15.353103
0.35 15.913287
0.36 16.435776
0.37 16.920783
0.38 17.369780
0.39 17.780965
0.4 18.156548
0.41 18.495571
0.42 18.798903
0.43 19.064624
0.44 19.297372
0.45 19.491017
0.46 19.651320
0.47 19.774845
0.48 19.863035
0.49 19.915558
0.5 19.932630
0.51 19.913971
0.52 19.859837
0.53 19.770141
0.54 19.644790
0.55 19.483751
0.56 19.287051
0.57 19.054610
0.58 18.786146
0.59 18.481990
0.6 18.141426
0.61 17.765301
0.62 17.352247
0.63 16.902693
0.64 16.416796
0.65 15.893775
0.66 15.333180
0.67 14.734676
0.68 14.097596
0.69 13.420687
0.7 12.702915
0.71 12.019188
0.72 11.367919
0.73 10.746891
0.74 10.154099
0.75 9.587536
0.76 9.045287
0.77 8.525554
0.78 8.026665
0.79 7.547063
0.8 7.085305
0.81 6.640050
0.82 6.210045
0.83 5.794126
0.84 5.391196
0.85 5.000226
0.86 4.620245
0.87 4.250331
0.88 3.889607
0.89 3.537236
0.9 3.192415
0.91 2.854371
0.92 2.522359
0.93 2.195655
0.94 1.873556
0.95 1.555373
0.96 1.240435
0.97 0.928079
0.98 0.617651
0.99 0.308505
1.0 0.000000
