0.0 0.000000
0.01 0.176818
0.02 0.354408
0.03 0.533599
0.04 0.714937
0.05 0.899383
0.06 1.087623
0.07 1.280430
0.08 1.478874
0.09 1.682976
0.1 1.894928
0.11 2.114121
0.12 2.342511
0.13 2.580372
0.14 2.829228
0.15 3.089302
0.16 3.362788
0.17 3.648949
0.18 3.951597
0.19 4.268504
0.2 4.604586
0.21 4.958957
0.22 5.331815
0.23 5.729807
0.24 6.148744
0.25 6.592457
0.26 7.065728
0.27 7.566760
0.28 8.098298
0.29 8.663761
0.3 9.265831
0.31 9.903324
0.32 10.504780
0.33 11.068979
0.34 11.598241
0.35 12.093192
0.36 12.554201
0.37 12.981780
0.38 13.377003
0.39 13.738677
0.4 14.068721
0.41 14.366734
0.42 14.632674
0.43 14.865538
0.44 15.069753
0.45 15.239588
0.46 15.379612
0.47 15.487757
0.48 15.564978
0.49 15.610971
0.5 15.625920
0.51 15.609638
0.52 15.562314
0.53 15.483779
0.54 15.374004
0.55 15.232995
0.56 15.060849
0.57 14.857128
0.58 14.621490
0.59 14.354934
0.6 14.055793
0.61 13.725528
0.62 13.362006
0.63 12.965974
0.64 12.537939
0.65 12.076622
0.66 11.581343
0.67 11.051962
0.68 10.487706
0.69 9.886396
0.7 9.249243
0.71 8.647882
0.72 8.082989
0.73 7.551458
0.74 7.051090
0.75 6.579876
0.76 6.135819
0.77 5.716998
0.78 5.321618
0.79 4.948008
0.8 4.594616
0.81 4.259990
0.82 3.942763
0.83 3.641655
0.84 3.355458
0.85 3.083025
0.86 2.823271
0.87 2.575159
0.88 2.337699
0.89 2.109938
0.9 1.890962
0.91 1.679883
0.92 1.475842
0.93 1.278002
0.94 1.085548
0.95 0.897680
0.96 0.713613
0.97 0.532573
0.98 0.353795
0.99 0.176522
1.0 0.000000
