0.000000 0.0
0.010000 0.000209
0.020000 0.00045
0.030000 0.000752
0.040000 0.00116
0.050000 0.001712
0.060000 0.002462
0.070000 0.003502
0.080000 0.004922
0.090000 0.006871
0.100000 0.009489
0.110000 0.012996
0.120000 0.017594
0.130000 0.023529
0.140000 0.031303
0.150000 0.041917
0.160000 0.055885
0.170000 0.073829
0.180000 0.096906
0.190000 0.126546
0.200000 0.163701
0.210000 0.210357
0.220000 0.269145
0.230000 0.340807
0.240000 0.428965
0.250000 0.535384
0.260000 0.661813
0.270000 0.811321
0.280000 0.987049
0.290000 1.193475
0.300000 1.439912
0.310000 1.745871
0.320000 1.997428
0.330000 2.213467
0.340000 2.40259
0.350000 2.568753
0.360000 2.714021
0.370000 2.839867
0.380000 2.947723
0.390000 3.039171
0.400000 3.11589
0.410000 3.179596
0.420000 3.23201
0.430000 3.274606
0.440000 3.308662
0.450000 3.335498
0.460000 3.356096
0.470000 3.3713
0.480000 3.381675
0.490000 3.387689
0.500000 3.389596
0.510000 3.38746
0.520000 3.381287
0.530000 3.370827
0.540000 3.355471
0.550000 3.334677
0.560000 3.307887
0.570000 3.274239
0.580000 3.232077
0.590000 3.179338
0.600000 3.115258
0.610000 3.037956
0.620000 2.946335
0.630000 2.838401
0.640000 2.712269
0.650000 2.566777
0.660000 2.400563
0.670000 2.211462
0.680000 1.995511
0.690000 1.744122
0.700000 1.43836
0.710000 1.19215
0.720000 0.986118
0.730000 0.810897
0.740000 0.661626
0.750000 0.535249
0.760000 0.429313
0.770000 0.34151
0.780000 0.269562
0.790000 0.211245
0.800000 0.164449
0.810000 0.127242
0.820000 0.097904
0.830000 0.074945
0.840000 0.0571
0.850000 0.043316
0.860000 0.032729
0.870000 0.024638
0.880000 0.018483
0.890000 0.013819
0.900000 0.010299
0.910000 0.007649
0.920000 0.005658
0.930000 0.004165
0.940000 0.003043
0.950000 0.002197
0.960000 0.001553
0.970000 0.001053
0.980000 0.000651
0.990000 0.000311
1.000000 0.0
