0.0 0.000000
0.01 0.373356
0.02 0.747274
0.03 1.122424
0.04 1.499174
0.05 1.878479
0.06 2.260423
0.07 2.646199
0.08 3.036040
0.09 3.430498
0.1 3.830938
0.11 4.236901
0.12 4.650330
0.13 5.070966
0.14 5.500293
0.15 5.938522
0.16 6.387381
0.17 6.846371
0.18 7.318486
0.19 7.802378
0.2 8.301433
0.21 8.815296
0.22 9.345579
0.23 9.894509
0.24 10.462464
0.25 11.051271
0.26 11.663786
0.27 12.300208
0.28 12.963540
0.29 13.655662
0.3 14.378200
0.31 15.133293
0.32 15.845562
0.33 16.516159
0.34 17.146224
0.35 17.736420
0.36 18.287238
0.37 18.798758
0.38 19.272132
0.39 19.706255
0.4 20.102618
0.41 20.460412
0.42 20.780570
0.43 21.061851
0.44 21.306765
0.45 21.512109
0.46 21.681182
0.47 21.811764
0.48 21.904959
0.49 21.960505
0.5 21.978512
0.51 21.958848
0.52 21.901638
0.53 21.806835
0.54 21.674387
0.55 21.504281
0.56 21.296469
0.57 21.050909
0.58 20.767507
0.59 20.446224
0.6 20.086861
0.61 19.689605
0.62 19.253922
0.63 18.779878
0.64 18.267356
0.65 17.715943
0.66 17.125286
0.67 16.494933
0.68 15.824180
0.69 15.112018
0.7 14.357164
0.71 13.634901
0.72 12.943379
0.73 12.280591
0.74 11.644526
0.75 11.033218
0.76 10.444800
0.77 9.877522
0.78 9.329757
0.79 8.799998
0.8 8.286851
0.81 7.789024
0.82 7.305319
0.83 6.834622
0.84 6.375892
0.85 5.928154
0.86 5.490492
0.87 5.062042
0.88 4.641985
0.89 4.229541
0.9 3.823967
0.91 3.424550
0.92 3.030604
0.93 2.641467
0.94 2.256497
0.95 1.875067
0.96 1.496568
0.97 1.120398
0.98 0.745969
0.99 0.372696
1.0 0.000000
