0.0 0.000000
0.01 0.025887
0.02 0.052330
0.03 0.079865
0.04 0.108956
0.05 0.140218
0.06 0.174267
0.07 0.211614
0.08 0.253041
0.09 0.299017
0.1 0.350549
0.11 0.408066
0.12 0.472579
0.13 0.545064
0.14 0.626665
0.15 0.717716
0.16 0.819853
0.17 0.934190
0.18 1.062255
0.19 1.204447
0.2 1.363896
0.21 1.541362
0.22 1.737174
0.23 1.956833
0.24 2.198538
0.25 2.465756
0.26 2.762285
0.27 3.088682
0.28 3.447976
0.29 3.844836
0.3 4.281865
0.31 4.750184
0.32 5.194313
0.33 5.605353
0.34 5.984966
0.35 6.335535
0.36 6.658693
0.37 6.955559
0.38 7.227061
0.39 7.473653
0.4 7.696391
0.41 7.895764
0.42 8.072067
0.43 8.225946
0.44 8.359139
0.45 8.470492
0.46 8.561143
0.47 8.631051
0.48 8.680761
0.49 8.710338
0.5 8.719925
0.51 8.709567
0.52 8.679145
0.53 8.628517
0.54 8.557839
0.55 8.466873
0.56 8.354996
0.57 8.221299
0.58 8.065717
0.59 7.889033
0.6 7.689097
0.61 7.466303
0.62 7.218665
0.63 6.946340
0.64 6.649359
0.65 6.326212
0.66 5.975569
0.67 5.596041
0.68 5.185219
0.69 4.741408
0.7 4.273611
0.71 3.837249
0.72 3.440810
0.73 3.081690
0.74 2.756107
0.75 2.460967
0.76 2.193753
0.77 1.952234
0.78 1.734313
0.79 1.537998
0.8 1.361411
0.81 1.202794
0.82 1.060510
0.83 0.933051
0.84 0.819020
0.85 0.717124
0.86 0.626169
0.87 0.545048
0.88 0.472732
0.89 0.408268
0.9 0.350768
0.91 0.299405
0.92 0.253410
0.93 0.212060
0.94 0.174680
0.95 0.140630
0.96 0.109305
0.97 0.080129
0.98 0.052543
0.99 0.026010
1.0 0.000000
